0.004708,14
0.020692,8
0.028684,11
0.036676,0
0.044668,13
0.052660,5
0.060656,3
0.068648,13
0.076636,1
0.084632,9
0.092620,10
0.100612,0
0.108608,13
0.116604,4
0.124592,4
0.132584,13
0.140580,0
0.148572,10
0.156564,9
0.164556,1
0.172548,13
0.180540,4
0.188532,5
0.196524,13
0.204520,0
0.212508,10
0.220500,8
0.228492,1
0.236488,14
0.244480,3
0.252472,6
0.260464,12
0.268456,0
0.276448,11
0.284440,8
0.292432,1
0.300424,14
0.308420,2
0.316412,6
0.324404,12
0.332396,0
0.340388,12
0.348380,6
0.356376,2
0.364368,14
0.372360,2
0.380352,7
0.388344,11
0.396336,0
0.404328,12
0.412320,6
0.420312,3
0.428308,14
0.436296,1
0.444288,8
0.452284,10
0.460272,0
0.468268,13
0.476260,5
0.484252,3
0.492244,13
0.500236,1
0.508232,9
0.516224,10
0.524212,0
0.532216,13
0.540200,4
0.548192,4
0.556184,13
0.564176,0
0.572172,10
0.580164,9
0.588156,1
0.596148,13
0.604140,3
0.612132,5
0.620124,13
0.628120,0
0.636108,10
0.644100,8
0.652092,1
0.660084,14
0.668076,3
0.676068,6
0.684064,12
0.692056,0
0.700052,11
0.708040,7
0.716036,2
0.724024,14
0.732016,2
0.740008,7
0.748004,12
0.755996,0
0.763988,12
0.771980,6
0.779972,2
0.787964,14
0.795956,1
0.803952,8
0.811940,11
0.819940,0
0.827924,12
0.835916,6
0.843916,3
0.851904,13
0.859896,1
0.867888,8
0.875884,10
0.883876,0
0.891864,13
0.899860,5
0.907848,4
0.915844,13
0.923836,1
0.931828,9
0.939824,10
0.947816,0
0.955804,13
0.963800,4
0.971788,4
0.979784,13
0.987772,0
0.995772,10
1.003760,9
1.011752,1
1.019744,13
1.027736,3
1.035732,5
1.043720,13
1.051716,0
1.059708,11
1.067704,8
1.075696,1
1.083684,14
1.091680,2
1.099672,6
1.107664,12
1.115652,0
1.123648,11
1.131640,7
1.139632,2
1.147632,14
1.155616,2
1.163608,7
1.171604,12
1.179596,0
1.187588,12
1.195580,6
1.203576,2
1.211568,14
1.219556,1
1.227552,8
1.235544,11
1.243536,0
1.251528,12
1.259520,5
1.267512,3
1.275504,13
1.283496,1
1.291492,9
1.299480,10
1.307476,0
1.315468,13
1.323460,5
1.331452,4
1.339444,13
1.347436,0
1.355428,9
1.363420,9
1.371412,0
1.379408,13
1.387400,4
1.395392,5
1.403384,13
1.411376,0
1.419368,10
1.427360,9
1.435352,1
1.443344,13
1.451336,3
1.459328,5
1.467320,12
1.475320,0
1.483304,11
1.491296,8
1.499296,1
1.507284,14
1.515276,2
1.523268,6
1.531264,12
1.539256,0
1.547248,12
1.555240,7
1.563236,2
1.571224,14
1.579216,2
1.587212,7
1.595200,11
1.603192,0
1.611188,12
1.619180,6
1.627172,2
1.635164,14
1.643156,1
1.651148,8
1.659140,11
1.667136,0
1.675124,13
1.683120,5
1.691108,3
1.699104,13
1.707096,1
1.715088,9
1.723080,10
1.731072,0
1.739068,13
1.747056,4
1.755052,4
1.763048,13
1.771036,0
1.779028,10
1.787020,9
1.795016,1
1.803004,13
1.810996,4
1.818992,5
1.826980,13
1.834976,0
1.842964,10
1.850960,8
1.858952,1
1.866944,13
1.874936,3
1.882928,5
1.890924,12
1.898912,0
1.906908,11
1.914900,8
1.922888,1
1.930884,14
1.938876,2
1.946868,6
1.954860,12
1.962856,0
1.970844,12
1.978836,7
1.986832,2
1.994824,14
2.002816,2
2.010812,7
2.018800,11
2.026792,0
2.034788,12
2.042780,6
2.050772,3
2.058764,14
2.066756,1
2.074748,8
2.082736,10
2.090740,0
2.098724,13
2.106716,5
2.114708,3
2.122700,13
2.130696,1
2.138688,9
2.146676,10
2.154672,0
2.162664,13
2.170656,4
2.178648,4
2.186644,13
2.194636,0
2.202628,10
2.210620,9
2.218612,1
2.226600,13
2.234600,3
2.242588,5
2.250584,13
2.258572,0
2.266568,10
2.274560,8
2.282552,1
2.290540,14
2.298540,3
2.306532,6
2.314520,12
2.322512,0
2.330508,11
2.338500,7
2.346488,1
2.354484,14
2.362476,2
2.370468,6
2.378468,12
2.386452,0
2.394444,12
2.402440,6
2.410428,2
2.418424,14
2.426416,1
2.434404,8
2.442400,11
2.450392,0
2.458384,12
2.466376,6
2.474372,3
2.482360,14
2.490356,1
2.498348,8
2.506340,10
2.514332,0
2.522324,13
2.530320,5
2.538308,4
2.546300,13
2.554296,1
2.562288,9
2.570280,10
2.578272,0
2.586264,13
2.594256,4
2.602252,4
2.610240,13
2.618236,0
2.626228,10
2.634220,9
2.642208,1
2.650200,13
2.666188,5
2.674180,13
2.682172,0
2.690168,11
2.698156,8
2.706156,1
2.714144,14
2.722132,3
2.730128,6
2.738120,12
2.746112,0
2.754104,11
2.762100,7
2.770088,2
2.778080,14
2.786076,2
2.794064,7
2.802064,12
2.810056,0
2.818048,12
2.826040,6
2.834032,2
2.842024,14
2.850016,1
2.858008,8
2.866000,11
2.873992,0
2.881984,12
2.889976,5
2.897968,3
2.905960,13
2.913952,1
2.921944,8
2.929936,10
2.937928,0
2.945924,13
2.953916,5
2.961908,4
2.969904,13
2.977896,0
2.985888,9
2.993876,9
3.001872,0
3.009860,13
3.017856,4
3.025848,4
3.033848,13
3.041832,0
3.049824,10
3.057816,9
3.065812,1
3.073800,13
3.081796,3
3.089788,5
3.097784,12
3.105772,0
3.113768,11
3.121756,8
3.129748,1
3.137744,14
3.145736,2
3.153728,6
3.161720,12
3.169712,0
3.177704,11
3.185696,7
3.193688,2
3.201680,14
3.209672,2
3.217668,7
3.225660,11
3.233648,0
3.241644,12
3.249636,6
3.257632,2
3.265620,14
3.273616,1
3.281608,8
3.289600,11
3.297592,0
3.305584,12
3.313576,5
3.321576,3
3.329560,13
3.337552,1
3.345544,9
3.353536,10
3.361532,0
3.369524,13
3.377516,4
3.385508,4
3.393500,13
3.401492,0
3.409484,9
3.417480,9
3.425472,0
3.433464,13
3.441456,4
3.449448,5
3.457436,13
3.465428,0
3.473428,10
3.481420,8
3.489408,1
3.497404,13
3.505396,3
3.513388,5
3.521380,12
3.529372,0
3.537364,11
3.545356,8
3.553352,1
3.561340,14
3.569332,2
3.577328,6
3.585316,12
3.593308,0
3.601304,12
3.609296,7
3.617288,2
3.625280,14
3.633272,2
3.641264,7
3.649264,11
3.657252,0
3.665240,12
3.673236,6
3.681228,3
3.689224,14
3.697212,1
3.705208,8
3.713200,11
3.721188,0
3.729184,13
3.737172,5
3.745168,3
3.753160,13
3.761152,1
3.769144,9
3.777136,10
3.785132,0
3.793120,13
3.801116,4
3.809108,4
3.817100,13
3.825092,0
3.833084,10
3.841080,9
3.849072,1
3.857064,13
3.865052,4
3.873048,5
3.881040,13
3.889032,0
3.897024,10
3.905020,8
3.913008,1
3.921004,14
3.928992,3
3.936984,6
3.944976,12
3.952972,0
3.960964,11
3.968956,8
3.976952,1
3.984940,14
3.992932,2
4.000924,6
4.008916,12
4.016912,0
4.024900,12
4.032896,6
4.040888,2
4.048880,14
4.056876,2
4.064868,7
4.072860,11
4.080848,0
4.088840,12
4.096836,6
4.104828,3
4.112820,14
4.120812,1
4.128804,8
4.136796,10
4.144788,0
4.152784,13
4.160776,5
4.168768,3
4.176760,13
4.184748,1
4.192744,9
4.200736,10
4.208728,0
4.216720,13
4.224716,4
4.232708,4
4.240700,13
4.248692,0
4.256684,10
4.264680,9
4.272668,1
4.280660,13
4.288652,3
4.296644,5
4.304640,13
4.312628,0
4.320620,10
4.328616,8
4.336608,1
4.344600,14
4.352596,3
4.360588,6
4.368580,12
4.376572,0
4.384564,11
4.392556,7
4.400548,2
4.408540,14
4.416532,2
4.424524,7
4.432520,12
4.440508,0
4.448500,12
4.456496,6
4.464488,2
4.472480,14
4.480476,1
4.488464,8
4.496456,11
4.504452,0
4.512440,12
4.520436,6
4.528428,3
4.536420,13
4.544412,1
4.552404,8
4.560396,10
4.568388,0
4.576380,13
4.584372,5
4.592368,4
4.600356,13
4.608348,1
4.616340,9
4.624340,10
4.632332,0
4.640320,13
4.648316,4
4.656304,4
4.664296,13
4.672292,0
4.680284,10
4.688276,9
4.696264,1
4.704260,13
4.712252,3
4.720244,5
4.728240,13
4.736228,0
4.744224,11
4.752212,8
4.760208,1
4.768200,14
4.776192,2
4.784184,6
4.792180,12
4.800168,0
4.808164,11
4.816156,7
4.824144,2
4.832136,14
4.840132,2
4.848120,7
4.856116,12
4.864112,0
4.872100,12
4.880104,6
4.888088,2
4.896076,14
4.904072,1
4.912064,8
4.920060,11
4.928048,0
4.936040,12
4.944036,5
4.952024,3
4.960016,13
4.968012,1
4.976004,9
4.983996,10
4.991988,0
4.999980,13
5.007976,5
5.015968,4
5.023960,13
5.031948,0
5.039944,9
5.047936,9
5.055928,0
5.063920,13
5.071912,4
5.079904,5
5.087896,13
5.095888,0
5.103880,10
5.111876,9
5.119868,1
5.127856,13
5.135852,3
5.143844,5
5.151840,12
5.159832,0
5.167824,11
5.175816,8
5.183808,1
5.191800,14
5.199792,2
5.207792,6
5.215776,12
5.223768,0
5.231760,12
5.239756,7
5.247748,2
5.255740,14
5.263732,2
5.271724,7
5.279720,11
5.287704,0
5.295704,12
5.303692,6
5.311688,2
5.327672,1
5.335664,8
5.343652,11
5.351648,0
5.359640,13
5.367632,5
5.375624,3
5.383620,13
5.391608,1
5.399600,9
5.407592,10
5.415588,0
5.423576,13
5.431572,4
5.439564,4
5.447556,13
5.455552,0
5.463544,9
5.471532,9
5.479528,1
5.487520,13
5.495516,4
5.503504,5
5.511500,13
5.519488,0
5.527480,10
5.535484,8
5.543468,1
5.551456,13
5.559448,3
5.567444,5
5.575440,12
5.583428,0
5.591424,11
5.599412,8
5.607408,1
5.615396,14
5.623392,2
5.631384,6
5.639376,12
5.647368,0
5.655360,12
5.663356,7
5.671348,2
5.679340,14
5.687328,2
5.695324,7
5.703316,11
5.711308,0
5.719300,12
5.727296,6
5.735284,3
5.743276,14
5.751268,1
5.759260,8
5.767252,10
5.775244,0
5.783236,13
5.791232,5
5.799224,3
5.807220,13
5.815208,1
5.823208,9
5.831196,10
5.839188,0
5.847180,13
5.855172,4
5.863164,4
5.871156,13
5.879148,0
5.887144,10
5.895132,9
5.903124,1
5.911120,13
5.919112,3
5.927104,5
5.935092,13
5.943088,0
5.951080,10
5.959076,8
5.967064,1
5.975060,14
5.983048,3
5.991044,6
5.999032,12
6.007028,0
6.015020,11
6.023012,7
6.031008,1
6.038996,14
6.046992,2
6.054980,6
6.062972,12
6.070968,0
6.078964,12
6.086952,6
6.094948,2
6.102936,14
6.110932,1
6.118920,8
6.126916,11
6.134908,0
6.142896,12
6.150896,6
6.158884,3
6.166880,14
6.174868,1
6.182864,8
6.190856,10
6.198848,0
6.206840,13
6.214828,5
6.222824,4
6.230816,13
6.238808,1
6.246804,9
6.254792,10
6.262788,0
6.270776,13
6.278768,4
6.286760,4
6.294756,13
6.302748,0
6.310740,10
6.318732,9
6.326728,1
6.334720,13
6.342712,3
6.350704,5
6.358696,13
6.366688,0
6.374680,11
6.382676,8
6.390664,1
6.398660,14
6.406652,3
6.414644,6
6.422636,12
6.430628,0
6.438616,11
6.446612,7
6.454604,2
6.462596,14
6.470592,2
6.478588,7
6.486576,12
6.494568,0
6.502560,12
6.510552,6
6.518544,2
6.526540,14
6.534528,1
6.542520,8
6.550512,11
6.558504,0
6.566500,12
6.574492,5
6.582484,3
6.590480,13
6.598464,1
6.606460,8
6.614456,10
6.622448,0
6.630440,13
6.638432,5
6.646424,4
6.654416,13
6.662408,0
6.670400,9
6.678396,9
6.686388,0
6.694376,13
6.702368,4
6.710364,4
6.718352,13
6.726348,0
6.734344,10
6.742332,9
6.750328,1
6.758316,13
6.766316,3
6.774304,5
6.782292,13
6.790288,0
6.798280,11
6.806272,8
6.814264,1
6.822256,14
6.830248,2
6.838244,6
6.846236,12
6.854228,0
6.862220,11
6.870212,7
6.878204,2
6.886196,14
6.894188,2
6.902180,7
6.910172,11
6.918168,0
6.926156,12
6.934152,6
6.942144,2
6.950136,14
6.958128,1
6.966120,8
6.974112,11
6.982108,0
6.990100,12
6.998088,5
7.006084,3
7.014076,13
7.022068,1
7.030060,9
7.038052,10
7.046044,0
7.054036,13
7.062028,4
7.070024,4
7.078016,13
7.086008,0
7.094008,9
7.101992,9
7.109984,0
7.117976,13
7.125968,4
7.133960,5
7.141956,13
7.149948,0
7.157940,10
7.165932,8
7.173924,1
7.181916,13
7.189908,3
7.197900,5
7.205892,12
7.213884,0
7.221880,11
7.229872,8
7.237864,1
