0.007424,6
0.023404,10
0.031400,12
0.039396,1
0.047384,4
0.055380,13
0.063372,7
0.071364,0
0.079356,9
0.087348,13
0.095340,2
0.103332,2
0.111324,13
0.119316,9
0.127308,0
0.135300,7
0.143296,13
0.151284,4
0.159280,1
0.167272,12
0.175264,11
0.183260,0
0.191248,5
0.199244,14
0.207236,6
0.215228,0
0.223220,10
0.231212,12
0.239204,1
0.247196,4
0.255188,13
0.263180,7
0.271172,0
0.279168,9
0.287168,13
0.295148,2
0.303148,2
0.311136,13
0.319128,9
0.327120,0
0.335112,7
0.343104,13
0.351100,4
0.359092,1
0.367080,12
0.375072,11
0.383068,0
0.391060,5
0.399056,14
0.407048,6
0.415040,0
0.423028,10
0.431024,12
0.439016,1
0.447004,4
0.455000,13
0.462992,7
0.470984,0
0.478980,9
0.486968,13
0.494960,2
0.502952,2
0.510948,13
0.518940,9
0.526932,0
0.534928,7
0.542916,13
0.550908,4
0.558900,1
0.566896,12
0.574888,11
0.582880,0
0.590872,5
0.598860,14
0.606856,6
0.614852,0
0.622840,10
0.630832,12
0.638824,1
0.646820,4
0.654812,13
0.662804,7
0.670796,0
0.678788,9
0.686784,13
0.694772,2
0.702768,2
0.710756,13
0.718752,9
0.726740,0
0.734736,7
0.742728,13
0.750720,4
0.758712,1
0.766708,12
0.774700,11
0.782688,0
0.790684,5
0.798676,14
0.806664,6
0.814660,0
0.822652,10
0.830648,12
0.838636,1
0.846632,4
0.854620,13
0.862612,7
0.870608,0
0.878600,9
0.886592,13
0.894584,2
0.902584,2
0.910572,13
0.918564,9
0.926556,0
0.934548,7
0.942540,13
0.950532,4
0.958524,1
0.966516,12
0.974512,11
0.982500,0
0.990492,5
0.998484,14
1.006476,6
1.014476,0
1.022464,10
1.030456,12
1.038448,1
1.046440,4
1.054432,13
1.062428,7
1.070420,0
1.078412,9
1.086404,13
1.094396,2
1.102388,2
1.110380,13
1.118372,9
1.126364,0
1.134356,7
1.142352,13
1.150340,4
1.158336,1
1.166328,12
1.174320,11
1.182312,0
1.190308,5
1.198300,14
1.206292,6
1.214280,0
1.222276,10
1.230272,12
1.238260,1
1.246252,4
1.254244,13
1.262236,7
1.270228,0
1.278224,9
1.286216,13
1.294204,2
1.302200,2
1.310192,13
1.318184,9
1.326180,0
1.334172,7
1.342164,13
1.350156,4
1.358144,1
1.366136,12
1.374132,11
1.382124,0
1.390116,5
1.398108,14
1.406100,6
1.414092,0
1.422088,10
1.430080,12
1.438068,1
1.446064,4
1.454060,13
1.462052,7
1.470040,0
1.478032,9
1.486028,13
1.494016,2
1.502012,2
1.510004,13
1.517996,9
1.525984,0
1.533980,7
1.541972,13
1.549964,4
1.557964,1
1.565948,12
1.573944,11
1.581932,0
1.589928,5
1.597920,14
1.605912,6
1.613904,0
1.621900,10
1.629892,12
1.637880,1
1.645872,4
1.653868,13
1.661860,7
1.669852,0
1.677848,9
1.685836,13
1.693828,2
1.701824,2
1.709816,13
1.717808,9
1.725800,0
1.733792,7
1.741780,13
1.749776,4
1.757768,1
1.765760,12
1.773752,11
1.781748,0
1.789740,5
1.797728,14
1.805720,6
1.813716,0
1.821708,10
1.829704,12
1.837696,1
1.845692,4
1.853680,13
1.861672,7
1.869664,0
1.877652,9
1.885648,13
1.893640,2
1.901636,2
1.909624,13
1.917616,9
1.925612,0
1.933604,7
1.941592,13
1.949592,4
1.957580,1
1.965572,12
1.973564,11
1.981560,0
1.989548,5
1.997544,14
2.005532,6
2.013524,0
2.021520,10
2.029512,12
2.037504,1
2.045500,4
2.053492,13
2.061484,7
2.069476,0
2.077468,9
2.085456,13
2.093452,2
2.101444,2
2.109440,13
2.117428,9
2.125424,0
2.133412,7
2.141404,13
2.149400,4
2.157392,1
2.165380,12
2.173380,11
2.181368,0
2.189360,5
2.197356,14
2.205344,6
2.213340,0
2.221332,10
2.229324,12
2.237316,1
2.245308,4
2.253304,13
2.261292,7
2.269284,0
2.277276,9
2.285268,13
2.293264,2
2.301256,2
2.309248,13
2.317244,9
2.325236,0
2.333228,7
2.341216,13
2.349212,4
2.357204,1
2.365196,12
2.373188,11
2.381180,0
2.389172,5
2.397164,14
2.405156,6
2.413152,0
2.421144,10
2.429132,12
2.437128,1
2.445120,4
2.453108,13
2.461112,7
2.469096,0
2.477088,9
2.485084,13
2.493076,2
2.501068,2
2.509060,13
2.517052,9
2.525044,0
2.533032,7
2.541028,13
2.549020,4
2.557016,1
2.565004,12
2.572996,11
2.580988,0
2.588984,5
2.596976,14
2.604968,6
2.612964,0
2.620952,10
2.628948,12
2.636940,1
2.644928,4
2.652924,13
2.660916,7
2.676900,9
2.684892,13
2.692884,2
2.700880,2
2.708872,13
2.716860,9
2.724852,0
2.732848,7
2.740836,13
2.748832,4
2.756824,1
2.764816,12
2.772812,11
2.780800,0
2.788800,5
2.796788,14
2.804780,6
2.812768,0
2.820764,10
2.828756,12
2.836752,1
2.844744,4
2.852736,13
2.860724,7
2.868720,0
2.876712,9
2.884704,13
2.892696,2
2.900688,2
2.908680,13
2.916676,9
2.924664,0
2.932656,7
2.940652,13
2.948640,4
2.956640,1
2.964632,12
2.972620,11
2.980616,0
2.988608,5
2.996600,14
3.004592,6
3.012584,0
3.020576,10
3.028568,12
3.036560,1
3.044552,4
3.052544,13
3.060536,7
3.068528,0
3.076524,9
3.084512,13
3.092508,2
3.100500,2
3.108492,13
3.116492,9
3.124480,0
3.132468,7
3.140464,13
3.148456,4
3.156448,1
3.164436,12
3.172432,11
3.180424,0
3.188416,5
3.196408,14
3.204400,6
3.212396,0
3.220384,10
3.228376,12
3.236368,1
3.244364,4
3.252360,13
3.260352,7
3.268340,0
3.276336,9
3.284324,13
3.292320,2
3.300312,2
3.308308,13
3.316296,9
3.324292,0
3.332284,7
3.340276,13
3.348264,4
3.356260,1
3.364252,12
3.372240,11
3.380236,0
3.388224,5
3.396224,14
3.404220,6
3.412204,0
3.420196,10
3.428192,12
3.436184,1
3.444172,4
3.452164,13
3.460160,7
3.468156,0
3.476148,9
3.484140,13
3.492128,2
3.500124,2
3.508116,13
3.516108,9
3.524104,0
3.532092,7
3.540084,13
3.548076,4
3.556068,1
3.564064,12
3.572056,11
3.580048,0
3.588036,5
3.596028,14
3.604024,6
3.612016,0
3.620008,10
3.628004,12
3.635996,1
3.643988,4
3.651980,13
3.659972,7
3.667964,0
3.675956,9
3.683948,13
3.691940,2
3.699936,2
3.707924,13
3.715916,9
3.723908,0
3.731912,7
3.739896,13
3.747888,4
3.755880,1
3.763872,12
3.771864,11
3.779860,0
3.787848,5
3.795844,14
3.803836,6
3.811828,0
3.819820,10
3.827812,12
3.835804,1
3.843796,4
3.851792,13
3.859780,7
3.867776,0
3.875764,9
3.883764,13
3.891752,2
3.899748,2
3.907736,13
3.915732,9
3.923724,0
3.931712,7
3.939708,13
3.947700,4
3.955688,1
3.963684,12
3.971676,11
3.979672,0
3.987660,5
3.995656,14
4.003644,6
4.011640,0
4.019628,10
4.027624,12
4.035616,1
4.043608,4
4.051600,13
4.059596,7
4.067588,0
4.075576,9
4.083568,13
4.091564,2
4.099556,2
4.107548,13
4.115540,9
4.123532,0
4.131528,7
4.139520,13
4.147508,4
4.155504,1
4.163496,12
4.171488,11
4.179480,0
4.187476,5
4.195464,14
4.203456,6
4.211452,0
4.219440,10
4.227432,12
4.235424,1
4.243424,4
4.251412,13
4.259404,7
4.267396,0
4.275392,9
4.283380,13
4.291376,2
4.299368,2
4.307356,13
4.315352,9
4.323344,0
4.331336,7
4.339332,13
4.347324,4
4.355312,1
4.363308,12
4.371300,11
4.379292,0
4.387284,5
4.395276,14
4.403268,6
4.411260,0
4.419252,10
4.427248,12
4.435240,1
4.443228,4
4.451224,13
4.459216,7
4.467208,0
4.475200,9
4.483196,13
4.491184,2
4.499180,2
4.507172,13
4.515164,9
4.523152,0
4.531148,7
4.539140,13
4.547136,4
4.555124,1
4.563116,12
4.571112,11
4.579100,0
4.587096,5
4.595088,14
4.603080,6
4.611076,0
4.619068,10
4.627060,12
4.635048,1
4.643044,4
4.651036,13
4.659028,7
4.667020,0
4.675020,9
4.683004,13
4.690996,2
4.698988,2
4.706980,13
4.714976,9
4.722968,0
4.730956,7
4.738952,13
4.746944,4
4.754936,1
4.762928,12
4.770924,11
4.778916,0
4.786908,5
4.794900,14
4.802892,6
4.810884,0
4.818876,10
4.826868,12
4.834860,1
4.842852,4
4.850844,13
4.858836,7
4.866832,0
4.874820,9
4.882812,13
4.890804,2
4.898804,2
4.906792,13
4.914784,9
4.922776,0
4.930772,7
4.938760,13
4.946756,4
4.954748,1
4.962744,12
4.970732,11
4.978724,0
4.986720,5
4.994708,14
5.002700,6
5.010692,0
5.018688,10
5.026680,12
5.034672,1
5.042668,4
5.050656,13
5.058652,7
5.066640,0
5.074636,9
5.082628,13
5.090620,2
5.098612,2
5.106604,13
5.114596,9
5.122588,0
5.130580,7
5.138576,13
5.146564,4
5.154560,1
5.162552,12
5.170544,11
5.178540,0
5.186528,5
5.194524,14
5.202512,6
5.210504,0
5.218496,10
5.226492,12
5.234484,1
5.242476,4
5.250468,13
5.258464,7
5.266456,0
5.274448,9
5.282440,13
5.290436,2
5.298424,2
5.306416,13
5.314404,9
5.330392,7
5.338384,13
5.346376,4
5.354368,1
5.362360,12
5.370356,11
5.378348,0
5.386340,5
5.394332,14
5.402324,6
5.410320,0
5.418312,10
5.426304,12
5.434296,1
5.442288,4
5.450280,13
5.458272,7
5.466264,0
5.474256,9
5.482248,13
5.490244,2
5.498236,2
5.506224,13
5.514216,9
5.522208,0
5.530200,7
5.538200,13
5.546188,4
5.554180,1
5.562176,12
5.570168,11
5.578164,0
5.586152,5
5.594144,14
5.602136,6
5.610128,0
5.618124,10
5.626112,12
5.634104,1
5.642096,4
5.650092,13
5.658084,7
5.666076,0
5.674072,9
5.682060,13
5.690052,2
5.698044,2
5.706036,13
5.714032,9
5.722020,0
5.730016,7
5.738012,13
5.745996,4
5.753992,1
5.761988,12
5.769976,11
5.777972,0
5.785964,5
5.793956,14
5.801944,6
5.809940,0
5.817932,10
5.825928,12
5.833916,1
5.841912,4
5.849900,13
5.857896,7
5.865884,0
5.873876,9
5.881868,13
5.889864,2
5.897860,2
5.905856,13
5.913840,9
5.921836,0
5.929828,7
5.937820,13
5.945808,4
5.953804,1
5.961796,12
5.969788,11
5.977780,0
5.985776,5
5.993768,14
6.001756,6
6.009752,0
6.017744,10
6.025736,12
6.033728,1
6.041720,4
6.049712,13
6.057708,7
6.065700,0
6.073688,9
6.081684,13
6.089676,2
6.097668,2
6.105660,13
6.113652,9
6.121644,0
6.129636,7
6.137632,13
6.145620,4
6.153612,1
6.161608,12
6.169600,11
6.177596,0
6.185584,5
6.193580,14
6.201568,6
6.209564,0
6.217556,10
6.225548,12
6.233544,1
6.241532,4
6.249524,13
6.257516,7
6.265512,0
6.273500,9
6.281496,13
6.289484,2
6.297480,2
6.305468,13
6.313468,9
6.321456,0
6.329448,7
6.337444,13
6.345436,4
6.353424,1
6.361416,12
6.369412,11
6.377404,0
6.385396,5
6.393388,14
6.401380,6
6.409372,0
6.417364,10
6.425360,12
6.433348,1
6.441344,4
6.449336,13
6.457328,7
6.465324,0
6.473312,9
6.481304,13
6.489296,2
6.497288,2
6.505284,13
6.513272,9
6.521272,0
