0.002708,2
0.018692,1
0.026684,4
0.034676,6
0.042672,9
0.050660,11
0.058652,14
0.066644,15
0.074636,12
0.082628,10
0.090624,8
0.098616,5
0.106608,3
0.114604,0
0.122592,1
0.130588,3
0.138576,6
0.146568,8
0.154560,11
0.162556,13
0.170548,15
0.178544,13
0.186532,11
0.194528,8
0.202520,5
0.210512,3
0.218508,1
0.226496,0
0.234484,3
0.242480,5
0.250472,8
0.258464,10
0.266460,12
0.274448,15
0.282440,14
0.290432,11
0.298424,9
0.306420,6
0.314416,4
0.322404,1
0.330400,0
0.338392,2
0.346384,4
0.354372,7
0.362368,9
0.370356,12
0.378352,14
0.386348,14
0.394336,12
0.402332,9
0.410324,7
0.418316,4
0.426308,2
0.434300,0
0.442292,1
0.450284,4
0.458276,6
0.466268,9
0.474260,11
0.482256,13
0.490244,15
0.498240,12
0.506228,10
0.514220,8
0.522212,5
0.530204,3
0.538204,0
0.546200,1
0.554188,3
0.562180,5
0.570172,8
0.578160,10
0.586156,13
0.594148,15
0.602140,13
0.610132,11
0.618124,8
0.626120,6
0.634108,3
0.642104,1
0.650096,0
0.658084,2
0.666080,5
0.674072,8
0.682064,10
0.690060,12
0.698052,14
0.706040,14
0.714036,11
0.722024,9
0.730020,6
0.738012,4
0.746008,2
0.754000,0
0.761992,2
0.769984,4
0.777972,6
0.785968,9
0.793960,12
0.801952,14
0.809940,14
0.817932,12
0.825932,10
0.833928,7
0.841912,5
0.849904,2
0.857896,0
0.865892,1
0.873880,4
0.881872,6
0.889868,9
0.897860,11
0.905852,13
0.913844,15
0.921840,13
0.929832,10
0.937824,8
0.945816,5
0.953808,3
0.961800,0
0.969796,1
0.977784,3
0.985776,5
0.993768,8
1.001764,10
1.009756,13
1.017748,15
1.025736,13
1.033728,11
1.041720,9
1.049720,6
1.057712,3
1.065704,1
1.073696,0
1.081684,2
1.089680,5
1.097672,8
1.105664,10
1.113656,12
1.121648,14
1.129640,14
1.137636,12
1.145624,9
1.153616,6
1.161620,4
1.169600,2
1.177596,0
1.185588,2
1.193580,4
1.201576,6
1.209564,9
1.217560,12
1.225552,14
1.233544,14
1.241536,12
1.249528,10
1.257520,7
1.265512,5
1.273508,2
1.281496,0
1.289492,1
1.297484,3
1.305472,6
1.313468,9
1.321456,11
1.329452,13
1.337444,15
1.345436,13
1.353428,10
1.361420,8
1.369412,5
1.377408,3
1.385400,1
1.393392,1
1.401388,3
1.409380,5
1.417368,8
1.425364,10
1.433356,13
1.441344,15
1.449348,13
1.457328,11
1.465324,9
1.473320,6
1.481308,4
1.489308,1
1.497292,0
1.505288,2
1.513276,5
1.521268,7
1.529264,10
1.537256,12
1.545248,14
1.553240,14
1.561232,12
1.569228,9
1.577220,6
1.585212,4
1.593204,2
1.601196,0
1.609188,2
1.617180,4
1.625172,6
1.633164,9
1.641160,11
1.649148,14
1.657140,14
1.665132,12
1.673128,10
1.681120,8
1.689112,5
1.697104,2
1.705100,0
1.713088,1
1.721084,3
1.729076,6
1.737068,8
1.745056,11
1.753052,13
1.761048,15
1.769036,13
1.777036,10
1.785020,8
1.793012,5
1.801004,3
1.809000,1
1.816992,0
1.824984,3
1.832976,5
1.840972,8
1.848964,10
1.856956,12
1.864948,15
1.872936,13
1.880932,11
1.888924,9
1.896916,6
1.904908,4
1.912904,1
1.920892,0
1.928888,2
1.936876,4
1.944872,7
1.952864,10
1.960856,12
1.968848,14
1.976844,14
1.984832,12
1.992828,9
2.000816,7
2.008808,4
2.016804,2
2.024792,0
2.032788,1
2.040784,4
2.048776,6
2.056764,9
2.064756,11
2.072748,14
2.080740,15
2.088732,12
2.096728,10
2.104728,8
2.112712,5
2.120704,3
2.128696,0
2.136688,1
2.144680,3
2.152672,6
2.160668,8
2.168656,11
2.176652,13
2.184640,15
2.192636,13
2.200628,11
2.208624,8
2.216616,5
2.224608,3
2.232600,1
2.240588,0
2.248584,3
2.256576,5
2.264568,8
2.272560,10
2.280556,12
2.288548,15
2.296536,14
2.304532,11
2.312524,9
2.320516,6
2.328508,4
2.336504,1
2.344496,0
2.352484,2
2.360476,4
2.368472,7
2.376464,9
2.384456,12
2.392452,14
2.400440,14
2.408432,12
2.416424,9
2.424420,7
2.432408,4
2.440400,2
2.448396,0
2.456388,1
2.464380,4
2.472372,6
2.480364,9
2.488356,11
2.496352,13
2.504344,15
2.512336,12
2.520328,10
2.528320,8
2.536308,5
2.544304,3
2.552296,0
2.560292,1
2.568280,3
2.576272,5
2.584268,8
2.592256,10
2.600252,13
2.608244,15
2.616236,13
2.624228,11
2.632220,8
2.640216,6
2.648204,3
2.656200,1
2.672184,2
2.680176,5
2.688168,8
2.696164,10
2.704152,12
2.712144,15
2.720148,14
2.728128,11
2.736120,9
2.744112,6
2.752108,4
2.760096,2
2.768092,0
2.776088,2
2.784076,4
2.792072,6
2.800060,9
2.808056,12
2.816048,14
2.824036,14
2.832032,12
2.840024,10
2.848016,7
2.856012,5
2.864004,2
2.871996,0
2.879988,1
2.887980,4
2.895972,6
2.903964,9
2.911956,11
2.919952,13
2.927940,15
2.935936,13
2.943924,10
2.951920,8
2.959908,5
2.967900,3
2.975896,0
2.983888,1
2.991880,3
2.999872,5
3.007876,8
3.015860,10
3.023852,13
3.031844,15
3.039836,13
3.047832,11
3.055820,9
3.063812,6
3.071804,3
3.079796,1
3.087788,0
3.095784,2
3.103776,5
3.111768,8
3.119764,10
3.127756,12
3.135748,14
3.143740,14
3.151732,12
3.159724,9
3.167716,6
3.175708,4
3.183696,2
3.191692,0
3.199684,2
3.207676,4
3.215672,6
3.223664,9
3.231652,12
3.239644,14
3.247636,14
3.255632,12
3.263624,10
3.271616,7
3.279612,5
3.287604,2
3.295592,0
3.303588,1
3.311576,4
3.319572,6
3.327564,9
3.335560,11
3.343548,13
3.351540,15
3.359532,13
3.367524,10
3.375520,8
3.383508,5
3.391504,3
3.399500,1
3.407492,1
3.415480,3
3.423472,5
3.431468,8
3.439456,10
3.447452,13
3.455444,15
3.463436,13
3.471428,11
3.479420,9
3.487412,6
3.495408,4
3.503400,1
3.511392,0
3.519384,2
3.527376,5
3.535368,7
3.543360,10
3.551356,12
3.559344,14
3.567340,14
3.575332,12
3.583320,9
3.591312,6
3.599308,4
3.607300,2
3.615292,0
3.623284,2
3.631280,4
3.639272,6
3.647264,9
3.655256,11
3.663252,14
3.671240,14
3.679232,12
3.687224,10
3.695220,8
3.703208,5
3.711200,2
3.719192,0
3.727184,1
3.735176,3
3.743168,6
3.751164,8
3.759156,11
3.767148,13
3.775140,15
3.783136,13
3.791128,10
3.799120,8
3.807112,5
3.815104,3
3.823096,1
3.831088,0
3.839080,3
3.847072,5
3.855064,8
3.863056,10
3.871052,12
3.879040,15
3.887032,13
3.895024,11
3.903020,9
3.911012,6
3.919004,4
3.927000,1
3.934988,0
3.942984,2
3.950980,4
3.958968,7
3.966960,10
3.974952,12
3.982944,14
3.990936,14
3.998928,12
4.006924,9
4.014916,7
4.022908,4
4.030900,2
4.038892,0
4.046884,2
4.054880,4
4.062868,6
4.070860,9
4.078852,11
4.086844,14
4.094836,15
4.102828,12
4.110824,10
4.118816,8
4.126812,5
4.134800,3
4.142792,0
4.150784,1
4.158780,3
4.166772,6
4.174760,8
4.182756,11
4.190748,13
4.198740,15
4.206732,13
4.214724,11
4.222716,8
4.230708,5
4.238704,3
4.246692,1
4.254688,0
4.262680,3
4.270672,5
4.278672,8
4.286660,10
4.294652,12
4.302644,15
4.310636,14
4.318628,11
4.326620,9
4.334616,6
4.342604,4
4.350600,1
4.358588,0
4.366584,2
4.374576,4
4.382564,7
4.390560,9
4.398548,12
4.406544,14
4.414536,14
4.422528,12
4.430524,9
4.438516,7
4.446508,4
4.454500,2
4.462492,0
4.470488,1
4.478480,4
4.486472,6
4.494460,9
4.502456,11
4.510448,13
4.518436,15
4.526432,12
4.534424,10
4.542416,8
4.550408,5
4.558400,3
4.566392,0
4.574384,1
4.582376,3
4.590372,5
4.598364,8
4.606360,11
4.614348,13
4.622340,15
4.630336,13
4.638328,11
4.646320,8
4.654312,6
4.662304,3
4.670296,1
4.678288,0
4.686280,2
4.694272,5
4.702264,8
4.710260,10
4.718248,12
4.726244,15
4.734236,14
4.742228,11
4.750224,9
4.758212,6
4.766204,4
4.774196,2
4.782192,0
4.790184,2
4.798176,4
4.806164,6
4.814160,9
4.822152,12
4.830144,14
4.838136,14
4.846128,12
4.854120,10
4.862116,7
4.870108,5
4.878100,2
4.886092,0
4.894092,1
4.902080,4
4.910068,6
4.918064,9
4.926056,11
4.934048,13
4.942036,15
4.950032,13
4.958024,10
4.966016,8
4.974012,5
4.982000,3
4.989996,0
4.997988,1
5.005980,3
5.013968,5
5.021964,8
5.029960,10
5.037948,13
5.045944,15
5.053936,13
5.061924,11
5.069920,9
5.077908,6
5.085904,3
5.093900,1
5.101892,0
5.109880,2
5.117876,5
5.125868,8
5.133860,10
5.141852,12
5.149844,14
5.157836,14
5.165828,11
5.173824,9
5.181812,6
5.189804,4
5.197796,2
5.205792,0
5.213784,2
5.221780,4
5.229768,6
5.237764,9
5.245756,12
5.253748,14
5.261736,14
5.269732,12
5.277724,10
5.285716,7
5.293708,5
5.301700,2
5.309692,0
5.325680,4
5.333672,6
5.341660,9
5.349656,11
5.357648,13
5.365640,15
5.373636,13
5.381628,10
5.389620,8
5.397612,5
5.405604,3
5.413596,1
5.421588,1
5.429580,3
5.437572,5
5.445564,8
5.453556,10
5.461548,13
5.469540,15
5.477532,13
5.485524,11
5.493516,9
5.501508,6
5.509512,4
5.517496,1
5.525488,0
5.533484,2
5.541476,5
5.549468,7
5.557456,10
5.565452,12
5.573444,14
5.581436,14
5.589428,12
5.597420,9
5.605412,6
5.613408,4
5.621396,2
5.629392,0
5.637384,2
5.645376,4
5.653372,6
5.661360,9
5.669356,11
5.677344,14
5.685340,14
5.693332,12
5.701324,10
5.709316,8
5.717308,5
5.725300,2
5.733292,0
5.741288,1
5.749280,3
5.757272,6
5.765260,8
5.773256,11
5.781248,13
5.789240,15
5.797232,13
5.805224,10
5.813220,8
5.821208,5
5.829200,3
5.837200,1
5.845188,0
5.853180,3
5.861172,5
5.869164,8
5.877160,10
5.885148,12
5.893140,15
5.901136,13
5.909124,11
5.917120,9
5.925112,6
5.933104,4
5.941096,1
5.949092,0
5.957084,2
5.965072,4
5.973064,7
5.981060,10
5.989048,12
5.997044,14
6.005036,14
6.013028,12
6.021024,9
6.029012,7
6.037008,4
6.045000,2
6.052992,0
6.060984,2
6.068980,4
6.076968,6
6.084964,9
6.092952,11
6.100944,14
6.108936,15
6.116932,12
6.124932,10
6.132920,8
6.140908,5
6.148900,3
6.156892,0
6.164888,1
6.172876,3
6.180872,6
6.188860,8
6.196856,11
6.204848,13
6.212840,15
6.220832,13
6.228828,11
6.236816,8
6.244808,5
6.252804,3
6.260796,1
6.268792,0
6.276780,3
6.284772,5
6.292768,8
6.300756,10
6.308752,12
6.316740,15
6.324736,13
6.332728,11
6.340724,9
6.348712,6
6.356708,4
6.364700,1
6.372692,0
6.380680,2
6.388676,4
6.396668,7
6.404660,9
6.412652,12
6.420648,14
6.428640,14
6.436628,12
6.444624,9
6.452620,7
6.460608,4
6.468600,2
6.476592,0
6.484584,1
6.492576,4
6.500568,6
6.508560,9
6.516556,11
6.524548,13
6.532540,15
6.540532,12
6.548528,10
6.556516,8
6.564508,5
6.572500,3
6.580496,0
6.588488,1
6.596480,3
6.604472,5
6.612464,8
6.620456,11
6.628452,13
6.636440,15
6.644432,13
6.652428,11
6.660420,8
6.668412,6
6.676404,3
6.684396,1
6.692388,0
6.700380,2
6.708372,5
6.716368,8
6.724356,10
6.732348,12
6.740340,15
6.748336,14
6.756328,11
6.764320,9
6.772312,6
6.780312,4
6.788300,2
6.796292,0
6.804280,2
6.812276,4
6.820268,6
6.828264,9
6.836252,12
6.844248,14
6.852236,14
6.860228,12
6.868224,10
6.876212,7
6.884212,4
6.892200,2
6.900192,0
6.908184,1
6.916176,4
6.924168,6
6.932164,9
6.940152,11
6.948148,13
6.956140,15
6.964136,13
6.972128,10
6.980116,8
6.988112,5
6.996104,3
7.004096,0
7.012088,1
7.020080,3
7.028072,5
7.036068,8
7.044056,10
7.052048,13
7.060044,15
7.068040,13
7.076028,11
7.084016,9
7.092012,6
7.100004,3
7.107996,1
7.115988,0
7.123980,2
7.131976,5
7.139968,8
7.147960,10
7.155952,12
7.163944,14
7.171936,14
7.179932,11
7.187920,9
7.195912,6
7.203904,4
7.211900,2
7.219892,0
7.227880,2
7.235880,4
7.243872,6
7.251864,9
7.259852,12
7.267844,14
7.275840,14
7.283832,12
7.291824,10
7.299816,7
7.307808,5
7.315804,2
7.323792,0
7.331788,1
7.339776,4
7.347772,6
7.355760,9
7.363756,11
7.371748,13
7.379740,15
7.387732,13
7.395732,10
7.403716,8
7.411708,5
7.419704,3
7.427696,1
7.435692,1
7.443676,3
7.451672,5
7.459664,8
7.467660,10
7.475648,13
7.483640,15
7.491636,13
7.499628,11
7.507620,9
7.515616,6
7.523604,4
7.531596,1
7.539592,0
7.547580,2
7.555576,5
7.563564,7
7.571560,10
7.579552,12
7.587548,14
7.595536,14
7.603532,12
7.611520,9
7.619516,6
7.627508,4
7.635500,2
7.643496,0
7.651484,2
7.659476,4
7.667468,6
7.675464,9
7.683464,11
7.691448,14
7.699436,14
7.707432,12
7.715420,10
7.723416,8
7.731412,5
7.739404,2
7.747396,0
7.755388,1
7.763380,3
7.771372,6
7.779364,8
7.787356,11
7.795348,13
7.803340,15
7.811336,13
7.819324,10
7.827316,8
7.835308,5
7.843300,3
7.851296,1
7.859288,0
7.867280,3
7.875272,5
7.883268,8
7.891260,10
7.899252,13
7.907244,15
7.915236,13
7.923228,11
7.931220,9
7.939212,6
7.947204,4
7.955200,1
7.963188,0
7.979176,4
7.987168,7
7.995160,10
8.003152,12
8.011152,14
8.019136,14
8.027132,12
8.035120,9
8.043116,7
8.051112,4
8.059100,2
8.067092,0
8.075088,2
8.083080,4
8.091072,6
8.099064,9
8.107056,11
8.115048,14
8.123040,15
8.131028,12
8.139024,10
8.147020,8
8.155008,5
8.163000,2
8.170992,0
8.178988,1
8.186980,3
8.194972,6
8.202964,8
8.210956,11
8.218948,13
8.226944,15
8.234936,13
8.242928,11
8.250920,8
8.258912,5
8.266904,3
8.274896,1
8.282888,0
8.290884,3
8.298872,5
8.306864,8
8.314856,10
8.322848,12
8.330848,15
8.338844,13
8.346828,11
8.354820,9
8.362816,6
8.370804,4
8.378800,1
8.386788,0
8.394784,2
8.402772,4
8.410768,7
8.418760,9
8.426756,12
8.434744,14
8.442736,14
8.450728,12
8.458724,9
8.466712,7
8.474708,4
8.482700,2
8.490692,0
8.498684,1
8.506680,4
8.514668,6
8.522664,9
8.530652,11
8.538648,13
8.546640,15
8.554636,12
8.562624,10
8.570616,8
8.578612,5
8.586604,3
8.594596,0
8.602588,1
8.610584,3
8.618572,5
8.626572,8
8.634556,11
8.642552,13
8.650544,15
8.658532,13
8.666528,11
8.674520,8
8.682512,6
8.690504,3
8.698496,1
8.706488,0
8.714484,2
8.722476,5
8.730468,8
8.738460,10
8.746452,12
8.754444,15
8.762440,14
8.770432,11
8.778420,9
8.786412,6
8.794404,4
8.802396,2
8.810388,0
8.818380,2
8.826380,4
8.834372,6
8.842364,9
8.850356,12
8.858348,14
8.866340,14
8.874332,12
8.882324,10
8.890316,7
8.898308,4
8.906300,2
8.914292,0
8.922284,1
8.930276,4
8.938268,6
8.946260,9
8.954264,11
8.962248,13
8.970240,15
8.978236,13
8.986228,10
8.994220,8
9.002212,5
9.010200,3
9.018196,0
9.026188,1
9.034180,3
9.042172,5
9.050168,8
9.058156,10
9.066148,13
9.074144,15
9.082132,13
9.090124,11
9.098124,8
9.106112,6
9.114108,3
9.122096,1
9.130092,0
9.138080,2
9.146076,5
9.154064,8
9.162060,10
9.170052,12
9.178048,14
9.186036,14
9.194028,11
9.202024,9
9.210016,6
9.218008,4
9.226004,2
9.233992,0
9.241992,2
9.249976,4
9.257972,6
9.265960,9
9.273956,12
9.281944,14
9.289936,14
9.305924,10
9.313916,7
9.321908,5
9.329900,2
9.337892,0
9.345888,1
9.353880,4
9.361876,6
9.369864,9
9.377856,11
9.385848,13
9.393840,15
9.401836,13
9.409824,10
9.417820,8
9.425812,5
9.433804,3
9.441800,1
9.449788,1
9.457780,3
9.465776,5
9.473764,8
9.481760,10
9.489752,13
9.497744,15
9.505736,13
9.513732,11
9.521720,9
9.529712,6
9.537704,4
9.545700,1
9.553688,0
9.561680,2
9.569684,5
9.577668,7
9.585660,10
9.593652,12
9.601648,14
9.609640,14
9.617628,12
9.625624,9
9.633612,6
9.641608,4
9.649600,2
9.657596,0
9.665584,2
9.673580,4
9.681568,6
9.689564,9
9.697556,11
9.705548,14
9.713540,14
9.721536,12
9.729528,10
9.737516,8
9.745512,5
9.753500,2
9.761496,0
9.769488,1
9.777476,3
9.785472,6
9.793468,8
9.801456,11
9.809452,13
9.817444,15
9.825432,13
9.833428,10
9.841420,8
9.849412,5
9.857408,3
9.865400,1
9.873388,0
9.881380,3
9.889376,5
9.897368,8
9.905360,10
9.913348,13
9.921344,15
9.929336,13
9.937332,11
9.945324,9
9.953316,6
9.961308,4
9.969296,1
9.977292,0
9.985284,2
9.993276,4
10.001268,7
10.009260,10
10.017252,12
10.025248,14
10.033240,14
10.041232,12
10.049224,9
10.057216,7
10.065208,4
10.073200,2
10.081196,0
10.089184,2
10.097180,4
10.105172,6
10.113160,9
10.121152,11
10.129148,14
10.137140,15
10.145132,12
10.153128,10
10.161116,8
10.169112,5
10.177104,2
10.185100,0
10.193084,1
10.201080,3
10.209072,6
10.217064,8
10.225056,11
10.233048,13
10.241044,15
10.249036,13
10.257024,11
10.265020,8
10.273012,5
10.281004,3
10.289000,1
10.296988,0
10.304980,3
10.312976,5
10.320968,8
10.328956,10
10.336952,12
10.344944,15
10.352936,13
10.360928,11
10.368924,9
10.376916,6
10.384908,4
10.392904,1
10.400892,0
10.408888,2
10.416876,4
10.424872,7
10.432860,9
10.440852,12
10.448848,14
10.456836,14
10.464832,12
10.472824,9
10.480816,7
10.488808,4
10.496804,2
10.504796,0
10.512792,1
10.520776,4
10.528772,6
10.536768,9
10.544756,11
10.552748,13
10.560740,15
10.568732,12
10.576728,10
10.592708,5
10.600704,3
10.608700,0
10.616688,1
10.624684,3
10.632676,5
10.640668,8
10.648660,11
10.656651,13
10.664644,15
10.672636,13
10.680628,11
10.688620,8
10.696612,6
10.704604,3
10.712596,1
10.720588,0
10.728584,2
10.736576,5
10.744568,8
10.752564,10
10.760552,12
10.768544,15
10.776536,14
10.784528,11
10.792524,9
10.800524,6
10.808508,4
10.816500,2
10.824496,0
10.832484,2
10.840476,4
10.848472,7
10.856460,9
10.864456,12
10.872448,14
10.880436,14
10.888432,12
10.896424,10
10.904416,7
10.912412,4
10.920400,2
10.928396,0
10.936388,1
10.944380,4
10.952372,6
10.960368,9
10.968360,11
10.976352,13
10.984344,15
10.992332,13
11.000328,10
11.008320,8
11.016312,5
11.024304,3
11.032296,0
11.040292,1
11.048280,3
11.056276,5
11.064264,8
11.072260,10
11.080252,13
11.088244,15
11.096240,13
11.104228,11
11.112220,8
11.120212,6
11.128212,3
11.136200,1
11.144192,0
11.152184,2
11.160180,5
11.168168,8
11.176160,10
11.184152,12
11.192148,14
11.200136,14
11.208132,11
11.216124,9
11.224112,6
11.232108,4
11.240100,2
11.248092,0
11.256088,2
11.264080,4
11.272072,6
11.280064,9
11.288056,12
11.296048,14
11.304040,14
11.312032,12
11.320024,10
11.328016,7
11.336012,5
11.344000,2
11.351996,0
11.359984,1
11.367980,4
11.375972,6
11.383968,9
11.391960,11
11.399952,13
11.407940,15
11.415940,13
11.423928,10
11.431920,8
11.439912,5
11.447908,3
11.455896,1
11.463892,1
11.471880,3
11.479872,5
11.487864,8
11.495856,10
11.503852,13
11.511844,15
11.519836,13
11.527832,11
11.535820,9
11.543812,6
11.551808,4
11.559800,1
11.567796,0
11.575784,2
11.583780,5
11.591768,7
11.599764,10
11.607756,12
11.615744,14
11.623736,14
11.631732,12
11.639724,9
11.647716,6
11.655708,4
11.663704,2
11.671692,0
11.679688,2
11.687676,4
11.695672,6
11.703664,9
11.711656,11
11.719648,14
11.727640,14
11.735636,12
11.743632,10
11.751616,8
11.759612,5
11.767604,2
11.775600,0
11.783588,1
11.791580,3
11.799572,6
11.807568,9
11.815556,11
11.823552,13
11.831544,15
11.839536,13
11.847528,10
11.855520,8
11.863512,5
11.871504,3
11.879496,1
11.887492,0
11.895484,3
11.903476,5
11.911468,8
11.919460,10
11.927456,13
11.935448,15
11.943440,13
11.951428,11
11.959424,9
11.967412,6
11.975408,4
11.983400,1
11.991396,0
11.999388,2
12.007380,4
12.015372,7
12.023364,10
12.031364,12
12.039344,14
12.047344,14
12.055332,12
12.063328,9
12.071320,6
12.079312,4
12.087304,2
12.095292,0
12.103284,2
12.111276,4
12.119272,6
12.127264,9
12.135256,11
12.143248,14
12.151244,14
12.159236,12
12.167224,10
12.175220,8
12.183212,5
12.191204,2
12.199196,0
12.207192,1
12.215180,3
12.223176,6
12.231164,8
12.239160,11
12.247152,13
12.255144,15
12.263140,13
12.271128,11
12.279120,8
12.287116,5
12.295104,3
12.303100,1
12.311092,0
12.319080,3
12.327076,5
12.335072,8
12.343060,10
12.351052,12
12.359052,15
12.367036,13
12.375028,11
12.383024,9
12.391016,6
12.399008,4
12.407000,1
12.414992,0
12.422984,2
12.430976,4
12.438968,7
12.446964,9
12.454956,12
12.462948,14
12.470940,14
12.478936,12
12.486924,9
12.494920,7
12.502912,4
12.510904,2
12.518896,0
12.526888,1
12.534880,4
12.542872,6
12.550868,9
12.558856,11
12.566848,14
12.574844,15
12.582836,12
12.590828,10
12.598820,8
12.606816,5
12.614804,3
12.622796,0
12.630788,1
12.638784,3
12.646776,5
12.654768,8
12.662760,11
12.670756,13
12.678744,15
12.686744,13
12.694728,11
12.702720,8
12.710712,6
12.718704,3
12.726696,1
12.734692,0
12.742684,3
12.750676,5
12.758672,8
12.766660,10
12.774652,12
12.782644,15
12.790640,14
12.798632,11
12.806624,9
12.814616,6
12.822612,4
12.830604,2
12.838592,0
12.846588,2
12.854576,4
12.862572,7
12.870560,9
12.878560,12
12.886548,14
12.894540,14
12.902532,12
12.910528,10
12.918516,7
12.926508,4
12.934504,2
12.942500,0
12.950488,1
12.958480,4
12.966472,6
12.974468,9
12.982456,11
12.990448,13
12.998444,15
13.006436,12
13.014428,10
13.022420,8
13.030412,5
13.046400,0
13.054388,1
13.062380,3
13.070376,5
13.078364,8
13.086360,10
13.094352,13
13.102344,15
13.110336,13
13.118332,11
13.126320,8
13.134315,6
13.142308,3
13.150300,1
13.158292,0
13.166284,2
13.174280,5
13.182268,8
13.190260,10
13.198256,12
13.206248,14
13.214240,14
13.222232,11
13.230224,9
13.238220,6
13.246212,4
13.254204,2
13.262196,0
13.270188,2
13.278180,4
13.286172,6
13.294164,9
13.302160,12
13.310152,14
13.318144,14
13.326136,12
13.334128,10
13.342116,7
13.350112,5
13.358104,2
13.366096,0
13.374088,1
13.382084,4
13.390072,6
13.398068,9
13.406060,11
13.414052,13
13.422044,15
13.430040,13
13.438028,10
13.446024,8
13.454016,5
13.462004,3
13.470000,1
13.477992,1
13.485980,3
13.493976,5
13.501968,8
13.509960,10
13.517956,13
13.525948,15
13.533940,13
13.541928,11
13.549924,9
13.557916,6
13.565912,4
13.573904,1
13.581892,0
13.589892,2
13.597876,5
13.605872,7
13.613864,10
13.621856,12
13.629852,14
13.637840,14
13.645832,12
13.653828,9
13.661820,6
13.669812,4
13.677804,2
13.685796,0
13.693784,2
13.701780,4
13.709772,6
13.717764,9
13.725756,12
13.733752,14
13.741744,14
13.749736,12
13.757728,10
13.765716,8
13.773712,5
13.781704,2
13.789696,0
13.797688,1
13.805680,3
13.813676,6
13.821668,9
13.829660,11
13.837656,13
13.845644,15
13.853636,13
13.861628,10
13.869620,8
13.877612,5
13.885608,3
13.893600,1
13.901592,1
13.909584,3
13.917580,5
13.925572,8
13.933560,10
13.941552,13
13.949548,15
13.957540,13
13.965532,11
13.973520,9
13.981520,6
13.989511,4
13.997500,1
14.005492,0
14.013488,2
14.021480,5
14.029472,7
14.037464,10
14.045456,12
14.053448,14
14.061444,14
14.069432,12
14.077428,9
14.085420,6
14.093412,4
14.101400,2
14.109400,0
14.117392,2
14.125380,4
14.133376,6
14.141364,9
14.149360,11
14.157351,14
14.165344,14
14.173336,12
14.181328,10
14.189324,8
14.197316,5
14.205312,2
14.213296,0
14.221288,1
14.229284,3
14.237276,6
14.245275,8
14.253260,11
14.261252,13
14.269244,15
14.277240,13
14.285232,11
14.293224,8
14.301212,5
14.309208,3
14.317200,1
14.325191,0
14.333188,3
14.341180,5
14.349172,8
14.357160,10
14.365152,12
14.373148,15
14.381140,13
14.389128,11
14.397124,9
14.405116,6
14.413112,4
14.421100,1
14.429096,0
14.437084,2
14.445076,4
14.453076,7
14.461064,9
14.469056,12
14.477048,14
14.485044,14
14.493032,12
14.501028,9
14.509020,7
14.517012,4
14.525004,2
14.533004,0
14.540988,1
14.548980,4
14.556972,6
14.564964,9
14.572956,11
14.580948,14
14.588944,15
14.596936,12
14.604928,10
14.612924,8
14.620912,5
14.628908,3
14.636900,0
14.644892,1
14.652884,3
14.660880,5
14.668868,8
14.676864,11
14.684852,13
14.692848,15
14.700836,13
14.708832,11
14.716820,8
14.724812,6
14.732808,3
14.740804,1
14.748792,0
14.756788,3
14.764776,5
14.772772,8
14.780760,10
14.788756,12
14.796752,15
14.804740,14
14.812736,11
14.820724,9
14.828720,6
14.836708,4
14.844704,1
14.852696,0
14.860696,2
14.868680,4
14.876672,7
14.884664,9
14.892656,12
14.900652,14
14.908644,14
14.916636,12
14.924628,10
14.932620,7
14.940612,4
14.948604,2
14.956596,0
14.964592,1
14.972584,4
14.980576,6
14.988568,9
14.996560,11
15.004548,13
15.012547,15
15.020536,12
15.028532,10
15.036524,8
15.044512,5
15.052504,3
15.060496,0
15.068488,1
15.076480,3
15.084476,5
15.092468,8
15.100460,10
15.108456,13
15.116444,15
15.124440,13
15.132432,11
15.140424,8
15.148420,6
15.156408,3
15.164400,1
15.172392,0
15.180384,2
15.188380,5
15.196372,8
15.204360,10
15.212356,12
15.220348,14
15.228344,14
15.236332,11
15.244328,9
15.252320,6
15.260312,4
15.268300,2
15.276296,0
15.284284,2
15.292280,4
15.300272,6
15.308268,9
15.316256,12
15.324248,14
15.332244,14
15.340232,12
15.348228,10
15.356220,7
15.364216,5
15.372208,2
15.380196,0
15.388192,1
15.396180,4
15.404172,6
15.412168,9
15.420160,11
15.428152,13
15.436144,15
15.444136,13
15.452128,10
15.460124,8
15.468116,5
15.476112,3
15.484104,1
15.500088,3
15.508080,5
15.516068,8
15.524060,10
15.532056,13
15.540044,15
15.548040,13
15.556032,11
15.564024,9
15.572016,6
15.580012,3
15.588000,1
15.595996,0
15.603988,2
15.611979,5
15.619972,7
15.627964,10
15.635960,12
15.643952,14
15.651944,14
15.659936,12
15.667928,9
15.675920,6
15.683912,4
15.691904,2
15.699896,0
15.707888,2
15.715884,4
15.723876,6
15.731868,9
15.739860,12
15.747848,14
15.755840,14
15.763844,12
15.771828,10
15.779819,8
15.787812,5
15.795804,2
15.803800,0
15.811788,1
15.819780,3
15.827780,6
15.835772,9
15.843764,11
15.851756,13
15.859748,15
15.867736,13
15.875732,10
15.883720,8
15.891716,5
15.899704,3
15.907700,1
15.915692,1
15.923684,3
15.931680,5
15.939668,8
15.947664,10
15.955656,13
15.963648,15
15.971640,13
15.979632,11
15.987624,9
15.995616,6
16.003613,4
16.011604,1
16.019596,0
16.027588,2
16.035580,5
16.043571,7
16.051567,10
16.059561,12
16.067549,14
16.075541,14
16.083536,12
16.091532,9
16.099520,6
16.107512,4
16.115503,2
16.123495,0
16.131493,2
16.139481,4
16.147472,6
16.155464,9
16.163460,11
16.171452,14
16.179443,14
16.187441,12
16.195429,10
16.203421,8
16.211416,5
16.219404,2
16.227400,0
16.235392,1
16.243383,3
16.251375,6
16.259369,8
16.267361,11
16.275352,13
16.283348,15
16.291336,13
16.299328,10
16.307323,8
16.315315,5
16.323307,3
16.331301,1
16.339293,0
16.347288,3
16.355280,5
16.363268,8
16.371264,10
16.379255,12
16.387247,15
16.395245,13
16.403236,11
16.411224,9
16.419228,6
16.427212,4
16.435200,1
16.443199,0
16.451187,2
16.459181,4
16.467173,7
16.475164,9
16.483160,12
16.491152,14
16.499144,14
16.507132,12
16.515127,9
16.523125,7
16.531113,4
16.539108,2
16.547100,0
16.555092,1
16.563084,4
16.571075,6
16.579067,9
16.587059,11
16.595057,14
16.603048,15
16.611040,12
16.619032,10
16.627020,8
16.635015,5
16.643007,3
16.650999,0
16.658997,1
16.666988,3
16.674980,5
16.682968,8
16.690964,11
16.698952,13
16.706957,15
16.714939,13
16.722927,11
16.730925,8
16.738920,6
16.746912,3
16.754900,1
16.762892,0
16.770884,3
16.778879,5
16.786873,8
16.794868,10
16.802856,12
16.810848,15
16.818840,14
16.826832,11
16.834827,9
16.842819,6
16.850811,4
16.858801,1
16.866800,0
16.874788,2
16.882784,4
16.890772,7
16.898764,9
16.906755,12
16.914751,14
16.922745,14
16.930740,12
16.938728,10
16.946720,7
16.954712,4
16.962708,2
16.970699,0
16.978687,1
16.986685,4
16.994677,6
17.002668,9
17.010660,11
17.018652,13
17.026648,15
17.034643,12
17.042631,10
17.050619,8
17.058617,5
17.066608,3
17.074600,0
17.082592,1
17.090588,3
17.098579,5
17.106567,8
17.114559,10
17.122557,13
17.130552,15
17.138540,13
17.146532,11
17.154528,8
17.162519,6
17.170511,3
17.178503,1
17.186497,0
17.194489,2
17.202480,5
17.210472,8
17.218468,10
17.226460,12
17.234447,14
17.242439,14
17.250437,11
17.258429,9
17.266420,6
17.274412,4
17.282408,2
17.290400,0
17.298388,2
17.306383,4
17.314377,6
17.322376,9
17.330360,12
17.338352,14
17.346344,14
17.354336,12
17.362328,10
17.370319,7
17.378311,5
17.386305,2
17.394300,0
17.402296,1
17.410284,4
17.418276,6
17.426271,9
17.434259,11
17.442251,13
17.450249,15
17.458241,13
17.466228,10
17.474220,8
17.482216,5
17.490208,3
17.498199,1
17.506195,1
17.514183,3
17.522181,5
17.530172,8
17.538164,10
17.546156,13
17.554148,15
17.562140,13
17.570131,11
17.578129,9
17.586121,6
17.594112,3
17.602104,1
17.610096,0
17.618088,2
17.626080,5
17.634071,8
17.642063,10
17.650064,12
17.658049,14
17.666044,14
17.674036,12
17.682028,9
17.690020,6
17.698011,4
17.706007,2
17.713997,0
17.721992,2
17.729984,4
17.737972,6
17.745968,9
17.753956,12
17.761951,14
17.769947,14
17.777941,12
17.785933,10
17.793924,8
17.801916,5
17.809908,2
17.817904,0
17.825891,1
17.833883,3
17.841875,6
17.849869,9
17.857864,11
17.865856,13
17.873848,15
17.881840,13
17.889832,10
17.897823,8
17.905815,5
17.913813,3
17.921801,1
17.929796,1
17.937796,3
17.945780,5
17.961763,10
17.969755,13
17.977753,15
17.985744,13
17.993736,11
18.001728,9
18.009720,6
18.017708,4
18.025703,1
18.033695,0
18.041693,2
18.049681,5
18.057676,7
18.065668,10
18.073656,12
18.081648,14
18.089640,14
18.097635,12
18.105627,9
18.113621,6
18.121613,4
18.129608,2
18.137596,0
18.145592,2
18.153584,4
18.161572,6
18.169563,9
18.177565,11
18.185553,14
18.193544,14
18.201536,12
18.209528,10
18.217520,8
18.225515,5
18.233507,2
18.241501,0
18.249493,1
18.257484,3
18.265484,6
18.273468,8
18.281460,11
18.289455,13
18.297451,15
18.305445,13
18.313433,10
18.321424,8
18.329416,5
18.337412,3
18.345400,1
18.353395,0
18.361387,3
18.369379,5
18.377373,8
18.385365,10
18.393356,12
18.401352,15
18.409340,13
18.417336,11
18.425323,9
18.433319,6
18.441313,4
18.449308,1
18.457296,0
18.465292,2
18.473280,4
18.481276,7
18.489264,9
18.497259,12
18.505253,14
18.513245,14
18.521236,12
18.529228,9
18.537220,7
18.545216,4
18.553207,2
18.561199,0
18.569187,1
18.577185,4
18.585180,6
18.593172,9
18.601164,11
18.609156,14
18.617147,15
18.625139,12
18.633127,10
18.641125,8
18.649120,5
18.657112,3
18.665104,0
18.673096,1
18.681087,3
18.689075,5
18.697071,8
18.705065,11
18.713060,13
18.721048,15
18.729044,13
18.737036,11
18.745028,8
18.753016,6
18.761011,3
18.768999,1
18.776997,0
18.784988,3
18.792984,5
18.800972,8
18.808968,10
18.816956,12
18.824947,15
18.832945,14
18.840933,11
18.848925,9
18.856920,6
18.864912,4
18.872908,1
18.880899,0
18.888887,2
18.896883,4
18.904877,7
18.912868,9
18.920860,12
18.928852,14
18.936848,14
18.944839,12
18.952831,10
18.960823,7
18.968811,4
18.976809,2
18.984800,0
18.992796,1
19.000784,4
19.008780,6
19.016768,9
19.024763,11
19.032751,13
19.040745,15
19.048740,12
19.056736,10
19.064724,8
19.072716,5
19.080708,3
19.088703,0
19.096691,1
19.104689,3
19.112680,5
19.120672,8
19.128664,10
19.136660,13
19.144648,15
19.152643,13
19.160637,11
19.168629,8
19.176620,6
19.184612,3
19.192604,1
19.200600,0
19.208595,2
19.216579,5
19.224571,8
19.232563,10
19.240557,12
19.248549,14
19.256544,14
19.264536,11
19.272528,9
19.280523,6
19.288515,4
19.296503,2
19.304501,0
19.312492,2
19.320484,4
19.328476,6
19.336468,9
19.344460,12
19.352451,14
19.360443,14
19.368437,12
19.376432,10
19.384424,7
19.392412,5
19.400404,2
19.408396,0
19.416395,1
19.424383,4
19.432381,6
19.440372,9
19.448364,11
19.456356,13
19.464348,15
19.472340,13
19.480331,10
19.488323,8
19.496325,5
19.504313,3
19.512300,1
19.520296,1
19.528284,3
19.536283,5
19.544271,8
19.552263,10
19.560261,13
19.568249,15
19.576241,13
19.584236,11
19.592224,9
19.600220,6
19.608212,3
19.616203,1
19.624195,0
19.632193,2
19.640181,5
19.648172,8
19.656168,10
19.664160,12
19.672152,14
19.680143,14
19.688135,12
19.696129,9
19.704124,6
19.712112,4
19.720108,2
19.728096,0
19.736092,2
19.744083,4
19.752075,6
19.760069,9
19.768061,12
19.776056,14
19.784044,14
19.792040,12
19.800032,10
19.808020,8
19.816019,5
19.824013,2
19.832005,0
19.839993,1
19.847988,3
19.855976,6
19.863968,9
19.871960,11
19.879955,13
19.887947,15
19.895941,13
19.903933,10
19.911924,8
19.919920,5
19.927908,3
19.935904,1
19.943895,1
19.951887,3
19.959885,5
19.967873,8
19.975864,10
19.983860,13
19.991852,15
19.999844,13
20.007835,11
20.015827,9
20.023821,6
20.031813,4
20.039804,1
20.047796,0
20.055792,2
20.063784,5
20.071775,7
20.079763,10
20.087759,12
20.095753,14
20.103748,14
20.111736,12
20.119732,9
20.127724,6
20.135712,4
20.143703,2
20.151705,0
20.159693,2
20.167688,4
20.175680,6
20.183668,9
20.191664,11
20.199656,14
20.207647,14
20.215639,12
20.223633,10
20.231625,8
20.239620,5
20.247608,2
20.255604,0
20.263592,1
20.271587,3
20.279579,6
20.287573,8
20.295568,11
20.303560,13
20.311552,15
20.319544,13
20.327532,10
20.335527,8
20.343515,5
20.351507,3
20.359505,1
20.367496,0
20.375488,3
20.383484,5
20.391476,8
20.399467,10
20.415451,15
20.423445,13
20.431437,11
20.439432,9
20.447424,6
20.455412,4
20.463408,1
20.471395,0
20.479387,2
20.487385,4
20.495377,7
20.503368,10
20.511360,12
20.519352,14
20.527344,14
20.535336,12
20.543327,9
20.551325,7
20.559317,4
20.567305,2
20.575300,0
20.583296,1
20.591284,4
20.599276,6
20.607267,9
20.615259,11
20.623257,14
20.631248,15
20.639240,12
20.647232,10
20.655228,8
20.663219,5
20.671211,3
20.679199,0
20.687197,1
20.695189,3
20.703180,6
20.711172,8
20.719164,11
20.727160,13
20.735151,15
20.743139,13
20.751131,11
20.759129,8
20.767128,6
20.775112,3
20.783104,1
20.791096,0
20.799091,3
20.807079,5
20.815071,8
20.823065,10
20.831057,12
20.839048,15
20.847044,14
20.855040,11
20.863028,9
20.871019,6
20.879017,4
20.887005,1
20.894997,0
20.902988,2
20.910984,4
20.918976,7
20.926968,9
20.934959,12
20.942951,14
20.950949,14
20.958937,12
20.966932,9
20.974924,7
20.982920,4
20.990908,2
20.998903,0
21.006895,1
21.014883,4
21.022881,6
21.030872,9
21.038860,11
21.046852,13
21.054852,15
21.062843,12
21.070835,10
21.078823,8
21.086817,5
21.094812,3
21.102804,0
21.110796,1
21.118792,3
21.126783,5
21.134771,8
21.142769,10
21.150757,13
21.158752,15
21.166744,13
21.174736,11
21.182728,8
21.190720,6
21.198711,3
21.206703,1
21.214697,0
21.222689,2
21.230680,5
21.238672,8
21.246664,10
21.254660,12
21.262651,14
21.270647,14
21.278635,11
21.286633,9
21.294624,6
21.302612,4
21.310608,2
21.318600,0
21.326591,2
21.334583,4
21.342575,6
21.350569,9
21.358561,12
21.366556,14
21.374548,14
21.382544,12
21.390532,10
21.398523,7
21.406515,5
21.414509,2
21.422504,0
21.430492,1
21.438488,4
21.446476,6
21.454472,9
21.462463,11
21.470455,13
21.478449,15
21.486441,13
21.494436,10
21.502424,8
21.510420,5
21.518412,3
21.526403,1
21.534395,1
21.542387,3
21.550381,5
21.558372,8
21.566368,10
21.574360,13
21.582348,15
21.590343,13
21.598335,11
21.606327,9
21.614321,6
21.622313,3
21.630304,1
21.638296,0
21.646292,2
21.654284,5
21.662271,8
21.670273,10
21.678261,12
21.686253,14
21.694248,14
21.702240,12
21.710232,9
21.718220,6
21.726215,4
21.734207,2
21.742201,0
21.750196,2
21.758184,4
21.766176,6
21.774172,9
21.782164,12
21.790155,14
21.798147,14
21.806139,12
21.814133,10
21.822124,7
21.830120,5
21.838108,2
21.846100,0
21.854095,1
21.862087,3
21.870079,6
21.878073,9
21.886065,11
21.894056,13
21.902048,15
21.910040,13
21.918036,10
21.926023,8
21.934019,5
21.942013,3
21.950005,1
21.957996,1
21.965988,3
21.973980,5
21.981972,8
21.989964,10
21.997965,13
22.005953,15
22.013945,13
22.021936,11
22.029928,9
22.037920,6
22.045916,4
22.053907,1
22.061895,0
22.069887,2
22.077885,5
22.085880,7
22.093868,10
22.101860,12
22.109852,14
22.117847,14
22.125839,12
22.133831,9
22.141825,6
22.149817,4
22.157808,2
22.165800,0
22.173792,2
22.181784,4
22.189779,6
22.197771,9
22.205759,11
22.213757,14
22.221748,14
22.229744,12
22.237732,10
22.245724,8
22.253719,5
22.261711,2
22.269705,0
22.277697,1
22.285692,3
22.293680,6
22.301672,8
22.309668,11
22.317659,13
22.325657,15
22.333645,13
22.341633,10
22.349628,8
22.357620,5
22.365612,3
22.373604,1
22.381596,0
22.389587,3
22.397579,5
22.405577,8
22.413568,10
22.421556,12
22.429556,15
22.437548,13
22.445536,11
22.453531,9
22.461519,6
22.469517,4
22.477509,1
22.485497,0
22.493496,2
22.501488,4
22.509480,7
22.517471,10
22.525463,12
22.533457,14
22.541445,14
22.549437,12
22.557432,9
22.565424,7
22.573416,4
22.581411,2
22.589399,0
22.597397,1
22.605385,4
22.613388,6
22.621368,9
22.629360,11
22.637356,14
22.645348,15
22.653343,12
22.661331,10
22.669325,8
22.677320,5
22.685308,3
22.693304,0
22.701292,1
22.709288,3
22.717279,6
22.725271,8
22.733263,11
22.741261,13
22.749252,15
22.757244,13
22.765236,11
22.773228,8
22.781219,6
22.789211,3
22.797203,1
22.805201,0
22.813189,3
22.821184,5
22.829172,8
22.837168,10
22.845160,12
22.853151,15
22.869141,11
22.877129,9
22.885124,6
22.893116,4
22.901108,1
22.909100,0
22.917091,2
22.925083,4
22.933077,7
22.941076,9
22.949060,12
22.957056,14
22.965048,14
22.973040,12
22.981035,9
22.989023,7
22.997021,4
23.005009,2
23.013004,0
23.020996,1
23.028988,4
23.036980,6
23.044975,9
23.052963,11
23.060955,13
23.068949,15
23.076941,12
23.084936,10
23.092928,8
23.100920,5
23.108912,3
23.116903,0
23.124895,1
23.132893,3
23.140884,5
23.148876,8
23.156868,10
23.164860,13
23.172852,15
23.188835,11
23.196829,8
23.204821,6
23.212812,3
23.220804,1
23.228807,0
23.236792,2
23.244780,5
23.252775,8
23.260769,10
23.268761,12
23.276756,14
23.284744,14
23.292740,11
23.300728,9
23.308723,6
23.316715,4
23.324707,2
23.332705,0
23.340693,2
23.348684,4
23.356680,6
23.364672,9
23.372660,12
23.380655,14
23.388647,14
23.396641,12
23.404636,10
23.412628,7
23.420620,5
23.428608,2
23.436604,0
23.444592,1
23.452587,4
23.460581,6
23.468573,9
23.476564,11
23.484556,13
23.492548,15
23.500540,13
23.508535,10
23.516527,8
23.524521,5
23.532513,3
23.540508,0
23.548496,1
23.556496,3
23.564480,5
23.572475,8
23.580467,10
23.588459,13
23.596453,15
23.604445,13
23.612436,11
23.620428,9
23.628424,6
23.636415,3
23.644403,1
23.652399,0
23.660393,2
23.668385,5
23.676376,8
23.684368,10
23.692364,12
23.700356,14
23.708347,14
23.716335,12
23.724327,9
23.732325,6
23.740316,4
23.748312,2
23.756304,0
23.764292,2
23.772287,4
23.780279,6
23.788267,9
23.796265,12
23.804256,14
23.812248,14
23.820240,12
23.828236,10
23.836224,7
23.844215,5
23.852211,2
23.860205,0
23.868196,1
23.876188,3
23.884188,6
23.892176,9
23.900164,11
23.908155,13
23.916151,15
23.924145,13
23.932140,10
23.940128,8
23.948120,5
23.956112,3
23.964108,1
23.972099,1
23.980091,3
23.988085,5
23.996073,8
24.004065,10
24.012060,13
24.020056,15
24.028048,13
24.036039,11
24.044031,9
24.052019,6
24.060013,4
24.068008,1
24.076004,0
24.083992,2
24.091984,5
24.099976,7
24.107971,10
24.115959,12
24.123953,14
24.131945,14
24.139940,12
24.147936,9
24.155924,6
24.163916,4
24.171915,2
24.179899,0
24.187891,2
24.195889,4
24.203880,6
24.211868,9
24.219868,11
24.227856,14
24.235847,14
24.243843,12
24.251831,10
24.259829,8
24.267817,5
24.275812,2
24.283804,0
24.291796,1
24.299788,3
24.307779,6
24.315771,8
24.323769,11
24.331760,13
24.339752,15
24.347744,13
24.355736,10
24.363728,8
24.371719,5
24.379717,3
24.387709,1
24.395700,0
24.403692,3
24.411680,5
24.419676,8
24.427668,10
24.435659,12
24.443651,15
24.451649,13
24.459637,11
24.467632,9
24.475620,6
24.483620,4
24.491611,1
24.499603,0
24.507595,2
24.515583,4
24.523577,7
24.531572,10
24.539564,12
24.547552,14
24.555548,14
24.563543,12
24.571531,9
24.579529,7
24.587517,4
24.595512,2
24.603500,0
24.611496,1
24.619484,4
24.627480,6
24.635471,9
24.643463,11
24.651457,14
24.659449,15
24.667444,12
24.675436,10
24.683424,8
24.691420,5
24.699408,3
24.707403,0
24.715397,1
24.723389,3
24.731380,6
24.739376,8
24.747368,11
24.755356,13
24.763351,15
24.771343,13
24.779341,11
24.787336,8
24.795324,5
24.803312,3
24.811308,1
24.819300,0
24.827291,3
24.835283,5
24.843275,8
24.851269,10
24.859261,12
24.867256,15
24.875248,14
24.883240,11
24.891232,9
24.899223,6
24.907215,4
24.915209,1
24.923201,0
24.931192,2
24.939188,4
24.947180,7
24.955168,9
24.963160,12
24.971155,14
24.979149,14
24.987141,12
24.995132,9
25.003128,7
25.011120,4
25.019112,2
25.027103,0
25.035095,1
25.043087,4
25.051081,6
25.059072,9
25.067064,11
25.075056,13
25.083052,15
25.091043,12
25.099035,10
25.107027,8
25.115025,5
25.123013,3
25.131008,0
25.138996,1
25.146992,3
25.154984,5
25.162971,8
25.170963,10
25.178961,13
25.186956,15
25.194944,13
25.202936,11
25.210932,8
25.218924,6
25.226912,3
25.234907,1
25.242901,0
25.250889,2
25.258888,5
25.266876,8
25.274872,10
25.282864,12
25.290855,15
25.298847,14
25.306839,11
25.314833,9
25.322828,6
25.338812,2
25.346804,0
25.354795,2
25.362787,4
25.370779,6
25.378773,9
25.386768,12
25.394760,14
25.402756,14
25.410740,12
25.418736,10
25.426723,7
25.434719,5
25.442717,2
25.450705,0
25.458696,1
25.466692,4
25.474684,6
25.482676,9
25.490667,11
25.498655,13
25.506653,15
25.514645,13
25.522636,10
25.530628,8
25.538620,5
25.546616,3
25.554604,0
25.562595,1
25.570593,3
25.578585,5
25.586576,8
25.594568,10
25.602560,13
25.610552,15
25.618544,13
25.626535,11
25.634531,9
25.642525,6
25.650517,3
25.658508,1
25.666500,0
25.674492,2
25.682484,5
25.690479,8
25.698471,10
25.706465,12
25.714457,14
25.722448,14
25.730448,11
25.738432,9
25.746428,6
25.754419,4
25.762407,2
25.770399,0
25.778393,2
25.786388,4
25.794380,6
25.802368,9
25.810364,12
25.818356,14
25.826347,14
25.834345,12
25.842333,10
25.850328,7
25.858320,5
25.866312,2
25.874308,0
25.882296,1
25.890291,4
25.898283,6
25.906273,9
25.914268,11
25.922260,13
25.930252,15
25.938244,13
25.946236,10
25.954227,8
25.962223,5
25.970217,3
25.978209,1
25.986197,1
25.994192,3
26.002188,5
26.010176,8
26.018167,10
26.026163,13
26.034151,15
26.042149,13
26.050140,11
26.058140,9
26.066124,6
26.074116,4
26.082108,1
26.090103,0
26.098091,2
26.106089,5
26.114080,7
26.122072,10
26.130060,12
26.138052,14
26.146051,14
26.154039,12
26.162035,9
26.170025,6
26.178017,4
26.186008,2
26.194000,0
26.201992,2
26.209991,4
26.217979,6
26.225975,9
26.233963,11
26.241961,14
26.249952,14
26.257940,12
26.265936,10
26.273928,8
26.281919,5
26.289911,2
26.297903,0
26.305901,1
26.313889,3
26.321884,6
26.329876,8
26.337864,11
26.345863,13
26.353851,15
26.361843,13
26.369837,10
26.377829,8
26.385824,5
26.393812,3
26.401808,1
26.409796,0
26.417791,3
26.425789,5
26.433777,8
26.441769,10
26.449760,12
26.457756,15
26.465744,13
26.473736,11
26.481731,9
26.489723,6
26.497715,4
26.505709,1
26.513704,0
26.521692,2
26.529684,4
26.537680,7
26.545671,10
26.553667,12
26.561655,14
26.569649,14
26.577644,12
26.585632,9
26.593628,7
26.601620,4
26.609612,2
26.617607,0
26.625595,2
26.633593,4
26.641584,6
26.649572,9
26.657564,11
26.665560,14
26.673559,15
26.681543,12
26.689531,10
26.697529,8
26.705521,5
26.713516,3
26.721504,0
26.729496,1
26.737492,3
26.745483,6
26.753475,8
26.761467,11
26.769461,13
26.777452,15
26.785444,13
26.793436,11
26.801432,8
26.809420,5
26.817411,3
26.825407,1
26.833401,0
26.841393,3
26.849384,5
26.857376,8
26.865368,10
26.873360,12
26.881351,15
26.889347,13
26.897341,11
26.905333,9
26.913324,6
26.921320,4
26.929312,1
26.937304,0
26.945292,2
26.953287,4
26.961288,7
26.969273,9
26.977264,12
26.985256,14
26.993248,14
27.001244,12
27.009235,9
27.017227,7
27.025221,4
27.033213,2
27.041204,0
27.049196,1
27.057192,4
27.065180,6
27.073172,9
27.081167,11
27.089159,13
27.097153,15
27.105145,12
27.113136,10
27.121128,8
27.129124,5
27.137112,3
27.145107,0
27.153099,1
27.161093,3
27.169085,5
27.177076,8
27.185068,10
27.193060,13
27.201056,15
27.209047,13
27.217035,11
27.225027,8
27.233025,6
27.241016,3
27.249008,1
27.257000,0
27.264992,2
27.272984,5
27.280979,8
27.288977,10
27.296961,12
27.304956,15
27.312948,14
27.320940,11
27.328932,9
27.336927,6
27.344919,4
27.352911,2
27.360901,0
27.368900,2
27.376888,4
27.384880,6
27.392872,9
27.400864,12
27.408855,14
27.416851,14
27.424839,12
27.432837,10
27.440828,7
27.448820,5
27.456816,2
27.464808,0
27.472799,1
27.480791,4
27.488785,6
27.496777,9
27.504768,11
27.512760,13
27.520756,15
27.528744,13
27.536739,10
27.544727,8
27.552725,5
27.560717,3
27.568708,0
27.576696,1
27.584696,3
27.592684,5
27.600679,8
27.608667,10
27.616663,13
27.624657,15
27.632645,13
27.640636,11
27.648632,9
27.656624,6
27.664616,3
27.672611,1
27.680603,0
27.688597,2
27.696585,5
27.704580,8
27.712568,10
27.720564,12
27.728559,14
27.736547,14
27.744543,11
27.752537,9
27.760529,6
27.768520,4
27.776508,2
27.792496,2
27.800488,4
27.808483,6
27.816477,9
27.824469,12
27.832460,14
27.840448,14
27.848444,12
27.856432,10
27.864424,7
27.872419,5
27.880417,2
27.888405,0
27.896400,1
27.904396,4
27.912380,6
27.920376,9
27.928371,11
27.936359,13
27.944355,15
27.952343,13
27.960340,10
27.968332,8
27.976324,5
27.984316,3
27.992308,1
28.000299,1
28.008291,3
28.016283,5
28.024281,8
28.032269,10
28.040260,13
28.048256,15
28.056248,13
28.064240,11
28.072231,9
28.080223,6
28.088221,4
28.104200,0
28.112192,2
28.120188,5
28.128180,7
28.136171,10
28.144163,12
28.152157,14
28.160152,14
28.168144,12
28.176136,9
28.184128,6
28.192120,4
28.200111,2
28.208103,0
28.216097,2
28.224092,4
28.232088,6
28.240076,9
28.248068,11
28.256060,14
28.264051,14
28.272043,12
28.280035,10
28.288029,8
28.296021,5
28.304012,2
28.312004,0
28.320000,1
28.327991,3
28.335983,6
28.343975,8
28.351969,11
28.359961,13
28.367956,15
28.375948,13
28.383936,10
28.391932,8
28.399920,5
28.407915,3
28.415909,1
28.423904,0
28.431892,3
28.439884,5
28.447876,8
28.455872,10
28.463860,12
28.471855,15
28.479849,13
28.487841,11
28.495832,9
28.503824,6
28.511816,4
28.519812,1
28.527803,0
28.535795,2
28.543783,4
28.551785,7
28.559772,10
28.567768,12
28.575756,14
28.583748,14
28.591740,12
28.599731,9
28.607727,7
28.615715,4
28.623713,2
28.631704,0
28.639696,2
28.647688,4
28.655680,6
28.663671,9
28.671663,11
28.679661,14
28.687653,15
28.695644,12
28.703640,10
28.711628,8
28.719624,5
28.727615,3
28.735603,0
28.743601,1
28.751593,3
28.759584,6
28.767576,8
28.775572,11
28.783564,13
28.791552,15
28.799547,13
28.807535,11
28.815533,8
28.823524,5
28.831520,3
28.839508,1
28.847507,0
28.855495,3
28.863483,5
28.871475,8
28.879473,10
28.887465,12
28.895460,15
28.903448,13
28.911444,11
28.919432,9
28.927423,6
28.935415,4
28.943413,1
28.951405,0
28.959396,2
28.967388,4
28.975384,7
28.983372,9
28.991367,12
28.999359,14
29.007347,14
29.015345,12
29.023340,9
29.031328,7
29.039320,4
29.047312,2
29.055307,0
29.063299,1
29.071293,4
29.079281,6
29.087276,9
29.095268,11
29.103260,13
29.111252,15
29.119244,12
29.127239,10
29.135237,8
29.143225,5
29.151213,3
29.159208,0
29.167200,1
29.175192,3
29.183184,5
29.191175,8
29.199167,11
29.207159,13
29.215157,15
29.223148,13
29.231140,11
29.239132,8
29.247124,6
29.255116,3
29.263111,1
29.271099,0
29.279097,2
29.287088,5
29.295080,8
29.303072,10
29.311064,12
29.319059,15
29.327047,14
29.335039,11
29.343037,9
29.351028,6
29.359020,4
29.367012,2
29.375004,0
29.382999,2
29.390991,4
29.398979,6
29.406977,9
29.414965,12
29.422960,14
29.430948,14
29.438944,12
29.446936,10
29.454931,7
29.462929,4
29.470917,2
29.478909,0
29.486900,1
29.494888,4
29.502884,6
29.510880,9
29.518867,11
29.526859,13
29.534851,15
29.542845,13
29.550840,10
29.558828,8
29.566824,5
29.574812,3
29.582811,0
29.590799,1
29.598791,3
29.606785,5
29.614777,8
29.622772,10
29.630764,13
29.638756,15
29.646748,13
29.654743,11
29.662731,9
29.670725,6
29.678717,3
29.686708,1
29.694704,0
29.702696,2
29.710688,5
29.718679,8
29.726671,10
29.734669,12
29.742657,14
29.750652,14
29.758644,11
29.766636,9
29.774624,6
29.782616,4
29.790615,2
29.798609,0
29.806601,2
29.814589,4
29.822584,6
29.830576,9
29.838568,12
29.846560,14
29.854551,14
29.862543,12
29.870541,10
29.878532,7
29.886520,5
29.894512,2
29.902508,0
29.910500,1
29.918495,4
29.926483,6
29.934481,9
29.942472,11
29.950460,13
29.958456,15
29.966444,13
29.974436,10
29.982431,8
29.990423,5
29.998421,3
30.006409,1
30.014400,1
30.022392,3
30.030384,5
30.038380,8
30.046371,10
30.054363,13
30.062355,15
30.070353,13
30.078344,11
30.086332,9
30.094328,6
30.102316,4
30.110312,1
30.118303,0
30.126295,2
30.134289,5
30.142281,7
30.150272,10
30.158264,12
30.166256,14
30.174252,14
30.182240,12
30.190235,9
30.198229,6
30.206221,4
30.214216,2
30.222204,0
30.230200,2
30.238192,4
30.254175,9
30.262167,11
30.270161,14
30.278156,14
30.286144,12
30.294136,10
30.302128,8
30.310120,5
30.318111,2
30.326107,0
30.334101,1
30.342093,3
30.350088,6
30.358076,8
30.366068,11
30.374060,13
30.382055,15
30.390047,13
30.398041,10
30.406040,8
30.414028,5
30.422020,3
30.430008,1
30.438004,0
30.445995,3
30.453987,5
30.461981,8
30.469973,10
30.477964,13
30.485956,15
30.493952,13
30.501944,11
30.509935,9
30.517923,6
30.525921,4
30.533913,1
30.541901,0
30.549896,2
30.557888,4
30.565884,7
30.573872,10
30.581863,12
30.589859,14
30.597853,14
30.605844,12
30.613836,9
30.621828,7
30.629820,4
30.637812,2
30.645807,0
30.653799,2
30.661793,4
30.669785,6
30.677776,9
30.685768,11
30.693768,14
30.701752,15
30.709743,12
30.717739,10
30.725733,8
30.733725,5
30.741716,2
30.749712,0
30.757700,1
30.765692,3
30.773687,6
30.781679,8
30.789673,11
30.797665,13
30.805656,15
30.813652,13
30.821644,11
30.829636,8
30.837624,5
30.845619,3
30.853607,1
30.861605,0
30.869593,3
30.877588,5
30.885580,8
30.893572,10
30.901564,12
30.909559,15
30.917547,13
30.925545,11
30.933537,9
30.941528,6
30.949520,4
30.957512,1
30.965508,0
30.973495,2
30.981491,4
30.989479,7
30.997473,9
31.005468,12
31.013460,14
31.021456,14
31.029444,12
31.037436,9
31.045427,7
31.053419,4
31.061417,2
31.069408,0
31.077400,1
31.085392,4
31.093384,6
31.101376,9
31.109367,11
31.117359,13
31.125357,15
31.133348,12
31.141340,10
31.149328,8
31.157320,5
31.165319,3
31.173307,0
31.181303,1
31.189291,3
31.197289,5
31.205280,8
31.213272,11
31.221264,13
31.229256,15
31.237247,13
31.245239,11
31.253231,8
31.261229,6
31.269217,3
31.277208,1
31.285200,0
31.293200,2
31.301191,5
31.309189,8
31.317177,10
31.325165,12
31.333157,15
31.341152,14
31.349148,11
31.357136,9
31.365128,6
31.373123,4
31.381111,2
31.389105,0
31.397097,2
31.405088,4
31.413084,6
31.421072,9
31.429068,12
31.437059,14
31.445051,14
31.453043,12
31.461040,10
31.469032,7
31.477020,4
31.485016,2
31.493004,0
31.500999,1
31.508991,4
31.516989,6
31.524977,9
31.532969,11
31.540960,13
31.548952,15
31.556944,13
31.564939,10
31.572931,8
31.580923,5
31.588917,3
31.596909,0
31.604904,1
31.612892,3
31.620884,5
31.628880,8
31.636879,10
31.644863,13
31.652857,15
31.660849,13
31.668844,11
31.676836,8
31.684828,6
31.692820,3
31.700811,1
31.708803,0
31.716795,2
31.724792,5
31.732780,8
31.740772,10
31.748768,12
31.756760,14
31.764751,14
31.772739,11
31.780731,9
31.788733,6
31.796724,4
31.804712,2
31.812708,0
31.820700,2
31.828691,4
31.836683,6
31.844671,9
31.852669,12
31.860661,14
31.868652,14
31.876644,12
31.884636,10
31.892632,7
31.900620,5
31.908611,2
31.916609,0
31.924601,1
31.932592,4
31.940588,6
31.948580,9
31.956572,11
31.964567,13
31.972555,15
31.980549,13
31.988541,10
31.996532,8
32.004524,5
32.012516,3
32.020508,1
32.028503,1
32.036491,3
32.044487,5
32.052479,8
32.060474,10
32.068462,13
32.076454,15
32.084450,13
32.092442,11
32.100433,9
32.108425,6
32.116417,4
32.124413,1
32.132404,0
32.140400,2
32.148388,5
32.156380,7
32.164375,10
32.172367,12
32.180359,14
32.188347,14
32.196342,12
32.204334,9
32.212326,6
32.220322,4
32.228317,2
32.236305,0
32.244301,2
32.252296,4
32.260284,6
32.268276,9
32.276268,11
32.284264,14
32.292252,14
32.300247,12
32.308239,10
32.316231,8
32.324223,5
32.332214,2
32.340214,0
32.348202,1
32.356194,3
32.364185,6
32.372177,8
32.380173,11
32.388165,13
32.396156,15
32.404148,13
32.412140,10
32.420132,8
32.428127,5
32.436115,3
32.444107,1
32.452103,0
32.460094,3
32.468086,5
32.476086,8
32.484074,10
32.492065,13
32.500057,15
32.508053,13
32.516041,11
32.524036,9
32.532028,6
32.540020,4
32.548012,1
32.556004,0
32.563999,2
32.571991,4
32.579987,7
32.587975,10
32.595966,12
32.603958,14
32.611958,14
32.619946,12
32.627937,9
32.635929,7
32.643925,4
32.651917,2
32.659908,0
32.667900,2
32.675892,4
32.683884,6
32.691875,9
32.707863,14
32.715851,14
32.723846,12
32.731834,10
32.739830,8
32.747826,5
32.755817,2
32.763809,0
32.771801,1
32.779797,3
32.787788,6
32.795780,8
32.803772,11
32.811764,13
32.819756,15
32.827747,13
32.835739,11
32.843731,8
32.851723,5
32.859718,3
32.867722,1
32.875706,0
32.883694,3
32.891689,5
32.899681,8
32.907673,10
32.915668,12
32.923656,15
32.931652,13
32.939644,11
32.947636,9
32.955627,6
32.963619,4
32.971615,1
32.979607,0
32.987595,2
32.995590,4
33.003586,7
33.011574,9
33.019569,12
33.027561,14
33.035557,14
33.043545,12
33.051540,9
33.059528,7
33.067524,4
33.075516,2
33.083508,0
33.091499,1
33.099491,4
33.107487,6
33.115479,9
33.123470,11
33.131462,13
33.139458,15
33.147449,12
33.155437,10
33.163433,8
33.171425,5
33.179417,3
33.187412,0
33.195408,1
33.203396,3
33.211388,5
33.219376,8
33.227367,11
33.235363,13
33.243359,15
33.251347,13
33.259342,11
33.267338,8
33.275326,6
33.283321,3
33.291313,1
33.299305,0
33.307301,3
33.315289,5
33.323284,8
33.331272,10
33.339268,12
33.347260,15
33.355251,14
33.363243,11
33.371235,9
33.379230,6
33.387218,4
33.395210,2
33.403202,0
33.411198,2
33.419193,4
33.427185,7
33.435177,9
33.443169,12
33.451164,14
33.459152,14
33.467148,12
33.475140,10
33.483128,7
33.491127,4
33.499115,2
33.507107,0
33.515102,1
33.523094,4
33.531082,6
33.539078,9
33.547073,11
33.555061,13
33.563053,15
33.571053,13
33.579041,10
33.587032,8
33.595028,5
33.603016,3
33.611012,0
33.618999,1
33.626995,3
33.634987,5
33.642979,8
33.650974,10
33.658966,13
33.666962,15
33.674950,13
33.682945,11
33.690937,8
33.698929,6
33.706924,3
33.714912,1
33.722904,0
33.730900,2
33.738888,5
33.746880,8
33.754871,10
33.762867,12
33.770859,14
33.778851,14
33.786846,11
33.794842,9
33.802834,6
33.810829,4
33.818817,2
33.826809,0
33.834801,2
33.842793,4
33.850784,6
33.858776,9
33.866772,12
33.874760,14
33.882755,14
33.890743,12
33.898739,10
33.906731,7
33.914722,5
33.922714,2
33.930706,0
33.938705,1
33.946693,4
33.954689,6
33.962677,9
33.970673,11
33.978664,13
33.986656,15
33.994648,13
34.002644,10
34.010632,8
34.018627,5
34.026619,3
34.034611,1
34.042603,1
34.050594,3
34.058586,5
34.066586,8
34.074577,10
34.082569,13
34.090561,15
34.098553,13
34.106544,11
34.114536,9
34.122528,6
34.130524,4
34.138519,1
34.146507,0
34.154499,2
34.162487,5
34.170483,7
34.178474,10
34.186466,12
34.194458,14
34.202454,14
34.210445,12
34.218441,9
34.226429,6
34.234421,4
34.242416,2
34.250408,0
34.258400,2
34.266396,4
34.274384,6
34.282375,9
34.290367,11
34.298363,14
34.306355,14
34.314342,12
34.322338,10
34.330334,8
34.338329,5
34.346317,2
34.354313,0
34.362301,1
34.370296,3
34.378288,6
34.386280,8
34.394272,11
34.402267,13
34.410259,15
34.418251,13
34.426247,10
34.434231,8
34.442223,5
34.450218,3
34.458214,1
34.466209,0
34.474201,3
34.482189,5
34.490181,8
34.498173,10
34.506168,13
34.514160,15
34.522152,13
34.530144,11
34.538136,9
34.546127,6
34.554119,4
34.562111,1
34.570103,0
34.578094,2
34.586086,4
34.594086,7
34.602077,10
34.610073,12
34.618061,14
34.626053,14
34.634048,12
34.642036,9
34.650032,6
34.658024,4
34.666016,2
34.674007,0
34.681999,2
34.689991,4
34.697983,6
34.705975,9
34.713966,11
34.721966,14
34.729958,14
34.737949,12
34.745945,10
34.753941,8
34.761929,5
34.769917,2
34.777912,0
34.785904,1
34.793896,3
34.801888,6
34.809879,8
34.817871,11
34.825863,13
34.833858,15
34.841846,13
34.849838,11
34.857830,8
34.865829,5
34.873821,3
34.881813,1
34.889805,0
34.897800,3
34.905792,5
34.913780,8
34.921776,10
34.929768,12
34.937759,15
34.945751,13
34.953743,11
34.961735,9
34.969727,6
34.977722,4
34.985718,1
34.993710,0
35.001698,2
35.009693,4
35.017685,7
35.025677,9
35.033669,12
35.041668,14
35.049656,14
35.057644,12
35.065639,9
35.073631,7
35.081627,4
35.089619,2
35.097610,0
35.105602,1
35.113594,4
35.121590,6
35.129581,9
35.137569,11
35.145565,14
35.153557,15
35.169540,10
35.177536,8
35.185528,5
35.193516,3
35.201511,0
35.209503,1
35.217495,3
35.225491,5
35.233482,8
35.241474,11
35.249470,13
35.257462,15
35.265453,13
35.273445,11
35.281433,8
35.289429,6
35.297421,3
35.305412,1
35.313404,0
35.321400,3
35.329388,5
35.337383,8
35.345375,10
35.353367,12
35.361359,15
35.369358,14
35.377346,11
35.385334,9
35.393330,6
35.401325,4
35.409317,2
35.417309,0
35.425301,2
35.433296,4
35.441284,7
35.449276,9
35.457268,12
35.465263,14
35.473255,14
35.481247,12
35.489235,10
35.497231,7
35.505222,4
35.513214,2
35.521214,0
35.529205,1
35.537197,4
35.545189,6
35.553181,9
35.561172,11
35.569168,13
35.577156,15
35.585148,12
35.593143,10
35.601135,8
35.609127,5
35.617119,3
35.625111,0
35.633102,1
35.641098,3
35.649090,5
35.657089,8
35.665073,10
35.673069,13
35.681057,15
35.689049,13
35.697048,11
35.705036,8
35.713028,6
35.721024,3
35.729012,1
35.737007,0
35.744999,2
35.752991,5
35.760983,8
35.768978,10
35.776966,12
35.784962,14
35.792953,14
35.800949,11
35.808937,9
35.816929,6
35.824924,4
35.832912,2
35.840908,0
35.848904,2
35.856895,4
35.864887,6
35.872875,9
35.880871,12
35.888859,14
35.896854,14
35.904846,12
35.912842,10
35.920834,7
35.928825,5
35.936821,2
35.944809,0
35.952805,1
35.960796,4
35.968788,6
35.976780,9
35.984779,11
35.992764,13
36.000755,15
36.008747,13
36.016743,10
36.024731,8
36.032726,5
36.040714,3
36.048714,1
36.056705,1
36.064697,3
36.072689,5
36.080685,8
36.088676,10
36.096668,13
36.104660,15
36.112648,13
36.120644,11
36.128635,9
36.136627,6
36.144623,3
36.152611,1
36.160606,0
36.168594,2
36.176586,5
36.184586,7
36.192577,10
36.200569,12
36.208565,14
36.216557,14
36.224548,12
36.232536,9
36.240528,6
36.248524,4
36.256516,2
36.264507,0
36.272499,2
36.280491,4
36.288486,6
36.296474,9
36.304466,12
36.312469,14
36.320454,14
36.328449,12
36.336441,10
36.344433,8
36.352425,5
36.360416,2
36.368412,0
36.376400,1
36.384396,3
36.392391,6
36.400379,9
36.408371,11
36.416367,13
36.424358,15
36.432346,13
36.440346,10
36.448338,8
36.456329,5
36.464321,3
36.472313,1
36.480309,1
36.488297,3
36.496292,5
36.504280,8
36.512276,10
36.520267,13
36.528259,15
36.536251,13
36.544247,11
36.552238,9
36.560230,6
36.568222,4
36.576210,1
36.584209,0
36.592201,2
36.600201,5
36.608185,7
36.616177,10
36.624168,12
36.632160,14
36.640152,14
36.648144,12
36.656136,9
36.664131,6
36.672123,4
36.680115,2
36.688110,0
36.696098,2
36.704098,4
36.712090,6
36.720081,9
36.728073,11
36.736065,14
36.744057,14
36.752048,12
36.760040,10
36.768032,8
36.776028,5
36.784016,2
36.792011,0
36.800003,1
36.807999,3
36.815987,6
36.823982,8
36.831974,11
36.839962,13
36.847961,15
36.855953,13
36.863945,11
36.871937,8
36.879932,5
36.887920,3
36.895916,1
36.903908,0
36.911896,3
36.919891,5
36.927891,8
36.935875,10
36.943867,12
36.951859,15
36.959850,13
36.967842,11
36.975838,9
36.983829,6
36.991821,4
36.999817,1
37.007809,0
37.015800,2
37.023792,4
37.031784,7
37.039780,9
37.047771,12
37.055759,14
37.063755,14
37.071747,12
37.079739,9
37.087734,7
37.095722,4
37.103722,2
37.111710,0
37.119701,1
37.127693,4
37.135689,6
37.143681,9
37.151672,11
37.159664,14
37.167656,15
37.175648,12
37.183640,10
37.191635,8
37.199623,5
37.207619,3
37.215607,0
37.223602,1
37.231594,3
37.239590,5
37.247581,8
37.255577,11
37.263565,13
37.271561,15
37.279552,13
37.287544,11
37.295536,8
37.303528,6
37.311520,3
37.319511,1
37.327507,0
37.335495,3
37.343491,5
37.351479,8
37.359482,10
37.367470,12
37.375465,15
37.383453,14
37.391449,11
37.399441,9
37.407433,6
37.415424,4
37.423416,1
37.431412,0
37.439400,2
37.447392,4
37.455383,7
37.463379,9
37.471371,12
37.479362,14
37.487358,14
37.495346,12
37.503342,10
37.511333,7
37.519325,4
37.527321,2
37.535313,0
37.543308,1
37.551296,4
37.559288,6
37.567280,9
37.575272,11
37.583263,13
37.591259,15
37.599247,12
37.607243,10
37.631222,3
37.639217,0
37.647209,1
37.655197,3
37.663193,5
37.671185,8
37.679176,10
37.687168,13
37.695160,15
37.703152,13
37.711143,11
37.719139,8
37.727131,6
37.735123,3
37.743111,1
37.751106,0
37.759098,2
37.767086,5
37.775085,8
37.783077,10
37.791069,12
37.799065,14
37.807053,14
37.815048,11
37.823040,9
37.831032,6
37.839024,4
37.847015,2
37.855011,0
37.863003,2
37.870998,4
37.878986,6
37.886978,9
37.894966,12
37.902966,14
37.910957,14
37.918953,12
37.926941,10
37.934933,7
37.942924,5
37.950920,2
37.958912,0
37.966900,1
37.974895,4
37.982887,6
37.990879,9
37.998875,11
38.006866,13
38.014858,15
38.022850,13
38.030846,10
38.038837,8
38.046829,5
38.054821,3
38.062817,1
38.070805,1
38.078796,3
38.086788,5
38.094780,8
38.102772,10
38.110767,13
38.118759,15
38.126751,13
38.134747,11
38.142738,9
38.150726,6
38.158730,3
38.166718,1
38.174709,0
38.182701,2
38.190693,5
38.198685,7
38.206676,10
38.214668,12
38.222664,14
38.230652,14
38.238647,12
38.246635,9
38.254631,6
38.262623,4
38.270615,2
38.278610,0
38.286602,2
38.294590,4
38.302586,6
38.310581,9
38.318573,12
38.326565,14
38.334560,14
38.342548,12
38.350540,10
38.358532,8
38.366528,5
38.374519,2
38.382511,0
38.390503,1
38.398495,3
38.406487,6
38.414478,9
38.422470,11
38.430466,13
38.438457,15
38.446453,13
38.454445,10
38.462437,8
38.470428,5
38.478424,3
38.486420,1
38.494404,1
38.502399,3
38.510391,5
38.518383,8
38.526371,10
38.534367,13
38.542362,15
38.550354,13
38.558346,11
38.566338,9
38.574329,6
38.582321,4
38.590317,1
38.598309,0
38.606300,2
38.614292,5
38.622288,7
38.630280,10
38.638268,12
38.646259,14
38.654255,14
38.662247,12
38.670242,9
38.678234,6
38.686230,4
38.694218,2
38.702213,0
38.710205,2
38.718197,4
38.726189,6
38.734180,9
38.742172,11
38.750164,14
38.758160,14
38.766148,12
38.774147,10
38.782131,8
38.790123,5
38.798119,2
38.806110,0
38.814102,1
38.822102,3
38.830090,6
38.838081,8
38.846073,11
38.854069,13
38.862057,15
38.870052,13
38.878044,10
38.886040,8
38.894028,5
38.902023,3
38.910015,1
38.918007,0
38.925999,3
38.933990,5
38.941982,8
38.949982,10
38.957970,12
38.965961,15
38.973953,13
38.981945,11
38.989941,9
38.997932,6
39.005924,4
39.013920,1
39.021908,0
39.029900,2
39.037895,4
39.045887,7
39.053879,9
39.061871,12
39.069862,14
39.077854,14
39.085854,12
39.093842,9
39.101841,7
39.109829,4
39.117821,2
39.125809,0
39.133804,1
39.141796,4
39.149788,6
39.157780,9
39.165775,11
39.173767,14
39.181755,15
39.189747,12
39.197742,10
39.205730,8
39.213726,5
39.221725,3
39.229713,0
39.237705,1
39.245701,3
39.253693,5
39.261684,8
39.269676,11
39.277668,13
39.285664,15
39.293652,13
39.301643,11
39.309639,8
39.317627,6
39.325623,3
39.333611,1
39.341606,0
39.349602,3
39.357594,5
39.365589,8
39.373577,10
39.381569,12
39.389561,15
39.397552,14
39.405548,11
39.413544,9
39.421532,6
39.429527,4
39.437515,1
39.445507,0
39.453503,2
39.461494,4
39.469482,7
39.477478,9
39.485474,12
39.493465,14
39.501461,14
39.509449,12
39.517445,10
39.525436,7
39.533428,4
39.541416,2
39.549412,0
39.557404,1
39.565395,4
39.573391,6
39.581383,9
39.589375,11
39.597366,13
39.605354,15
39.613354,12
39.621346,10
39.629337,8
39.637329,5
39.645321,3
39.653316,0
39.661304,1
39.669300,3
39.677292,5
39.685284,8
39.693275,10
39.701267,13
39.709259,15
39.717258,13
39.725243,11
39.733234,8
39.741230,6
39.749222,3
39.757217,1
39.765209,0
39.773201,2
39.781197,5
39.789185,8
39.797180,10
39.805168,12
39.813164,14
39.821156,14
39.829147,11
39.837143,9
39.845131,6
39.853127,4
39.861115,2
39.869110,0
39.877098,2
39.885094,4
39.893089,6
39.901081,9
39.909077,12
39.917068,14
39.925056,14
39.933048,12
39.941044,10
39.949036,7
39.957027,5
39.965019,2
39.973011,0
39.981007,1
39.988995,4
39.996990,6
40.004982,9
40.012978,11
40.020969,13
40.028957,15
40.036949,13
40.044952,10
40.052940,8
40.060932,5
40.068920,3
40.084904,1
40.092899,3
40.100891,5
40.108883,8
40.116879,10
40.124870,13
40.132862,15
40.140850,13
40.148849,11
40.156837,9
40.164833,6
40.172821,3
40.180817,1
40.188808,0
40.196804,2
40.204796,5
40.212784,8
40.220779,10
40.228767,12
40.236759,14
40.244759,14
40.252747,12
40.260738,9
40.268730,6
40.276730,4
40.284721,2
40.292713,0
40.300701,2
40.308697,4
40.316685,6
40.324680,9
40.332680,12
40.340668,14
40.348656,14
40.356647,12
40.364639,10
40.372639,8
40.380627,5
40.388618,2
40.396610,0
40.404610,1
40.412601,3
40.420589,6
40.428581,9
40.436573,11
40.444569,13
40.452560,15
40.460552,13
40.468544,10
40.476540,8
40.484531,5
40.492523,3
40.500515,1
40.508507,1
40.516499,3
40.524490,5
40.532490,8
40.540478,10
40.548473,13
40.556465,15
40.564457,13
40.572449,11
40.580441,9
40.588432,6
40.596428,4
40.604420,1
40.612411,0
40.620399,2
40.628391,5
40.636383,7
40.644379,10
40.652370,12
40.660366,14
40.668354,14
40.676350,12
40.684345,9
40.692333,6
40.700329,4
40.708321,2
40.716312,0
40.724304,2
40.732296,4
40.740288,6
40.748280,9
40.756275,11
40.764267,14
40.772259,14
40.780251,12
40.788242,10
40.796234,8
40.804230,5
40.812222,2
40.820213,0
40.828205,1
40.836201,3
40.844193,6
40.852184,8
40.860176,11
40.868168,13
40.876160,15
40.884155,13
40.892147,10
40.900135,8
40.908127,5
40.916122,3
40.924110,1
40.932114,0
40.940102,3
40.948101,5
40.956085,8
40.964081,10
40.972073,12
40.980061,15
40.988060,13
40.996048,11
41.004040,9
41.012035,6
41.020023,4
41.028019,1
41.036007,0
41.044003,2
41.051991,4
41.059982,7
41.067982,9
41.075974,12
41.083965,14
41.091957,14
41.099949,12
41.107941,9
41.115936,7
41.123928,4
41.131920,2
41.139912,0
41.147903,1
41.155895,4
41.163887,6
41.171883,9
41.179871,11
41.187862,14
41.195854,15
41.203850,12
41.211845,10
41.219837,8
41.227833,5
41.235825,3
41.243816,0
41.251804,1
41.259800,3
41.267792,5
41.275787,8
41.283775,11
41.291767,13
41.299759,15
41.307751,13
41.315746,11
41.323738,8
41.331734,6
41.339722,3
41.347713,1
41.355713,0
41.363701,3
41.371696,5
41.379684,8
41.387680,10
41.395672,12
41.403664,15
41.411655,14
41.419647,11
41.427639,9
41.435635,6
41.443626,4
41.451614,1
41.459614,0
41.467606,2
41.475597,4
41.483589,7
41.491581,9
41.499577,12
41.507568,14
41.515560,14
41.523552,12
41.531544,10
41.539536,7
41.547523,4
41.555523,2
41.563511,0
41.571503,1
41.579494,4
41.587490,6
41.595478,9
41.603481,11
41.611469,13
41.619461,15
41.627453,12
41.635445,10
41.643440,8
41.651428,5
41.659420,3
41.667412,0
41.675407,1
41.683395,3
41.691391,5
41.699383,8
41.707375,10
41.715366,13
41.723366,15
41.731358,13
41.739349,11
41.747345,8
41.755333,6
41.763325,3
41.771317,1
41.779308,0
41.787300,2
41.795292,5
41.803288,8
41.811275,10
41.819271,12
41.827263,14
41.835255,14
41.843250,11
41.851242,9
41.859230,6
41.867226,4
41.875221,2
41.883213,0
41.891209,2
41.899197,4
41.907188,6
41.915180,9
41.923176,12
41.931164,14
41.939156,14
41.947151,12
41.955143,10
41.963135,7
41.971127,5
41.979118,2
41.987110,0
41.995106,1
42.003101,4
42.011089,6
42.019085,9
42.027073,11
42.035072,13
42.043060,15
42.051052,13
42.059044,10
42.067036,8
42.075027,5
42.083023,3
42.091015,1
42.099003,1
42.106998,3
42.114990,5
42.122982,8
42.130981,10
42.138973,13
42.146965,15
42.154957,13
42.162949,11
42.170940,9
42.178932,6
42.186928,3
42.194920,1
42.202911,0
42.210903,2
42.218899,5
42.226883,8
42.234879,10
42.242870,12
42.250870,14
42.258858,14
42.266853,12
42.274845,9
42.282833,6
42.290825,4
42.298820,2
42.306812,0
42.314808,2
42.322796,4
42.330788,6
42.338779,9
42.346775,12
42.354767,14
42.362759,14
42.370750,12
42.378746,10
42.386734,7
42.394733,5
42.402721,2
42.410713,0
42.418709,1
42.426697,3
42.434692,6
42.442684,9
42.450676,11
42.458668,13
42.466660,15
42.474651,13
42.482647,10
42.490639,8
42.498631,5
42.506634,3
42.514614,1
42.522610,1
42.530602,3
42.554581,10
42.562572,13
42.570564,15
42.578552,13
42.586548,11
42.594543,9
42.602531,6
42.610523,4
42.618515,1
42.626511,0
42.634502,2
42.642494,5
42.650486,7
42.658482,10
42.666473,12
42.674469,14
42.682457,14
42.690453,12
42.698444,9
42.706436,6
42.714428,4
42.722420,2
42.730412,0
42.738403,2
42.746395,4
42.754391,6
42.762383,9
42.770374,11
42.778366,14
42.786362,14
42.794353,12
42.802345,10
42.810341,8
42.818329,5
42.826324,2
42.834320,0
42.842304,1
42.850300,3
42.858295,6
42.866283,8
42.874279,11
42.882267,13
42.890263,15
42.898251,13
42.906246,10
42.914234,8
42.922234,5
42.930225,3
42.938221,1
42.946213,0
42.954205,3
42.962196,5
42.970188,8
42.978180,10
42.986172,12
42.994164,15
43.002155,13
43.010147,11
43.018139,9
43.026131,6
43.034126,4
43.042118,1
43.050114,0
43.058105,2
43.066097,4
43.074089,7
43.082081,10
43.090073,12
43.098064,14
43.106060,14
43.114048,12
43.122047,9
43.130035,7
43.138023,4
43.146019,2
43.154015,0
43.162006,1
43.169998,4
43.177994,6
43.185986,9
43.193977,11
43.201969,14
43.209961,15
43.217957,12
43.225945,10
43.233940,8
43.241932,5
43.249920,3
43.257915,0
43.265907,1
43.273899,3
43.281891,6
43.289883,8
43.297874,11
43.305866,13
43.313858,15
43.321857,13
43.329849,11
43.337841,8
43.345837,6
43.353825,3
43.361820,1
43.369808,0
43.377800,3
43.385796,5
43.393784,8
43.401779,10
43.409775,12
43.417763,15
43.425755,14
43.433750,11
43.441738,9
43.449741,6
43.457729,4
43.465717,1
43.473713,0
43.481705,2
43.489700,4
43.497688,7
43.505680,9
43.513676,12
43.521667,14
43.529659,14
43.537651,12
43.545643,9
43.553638,7
43.561626,4
43.569618,2
43.577610,0
43.585609,1
43.593601,4
43.601593,6
43.609585,9
43.617577,11
43.625568,13
43.633564,15
43.641556,12
43.649544,10
43.657539,8
43.665531,5
43.673523,3
43.681515,0
43.689503,1
43.697498,3
43.705490,5
43.713490,8
43.721481,10
43.729469,13
43.737465,15
43.745453,13
43.753452,11
43.761440,8
43.769432,6
43.777428,3
43.785416,1
43.793407,0
43.801403,2
43.809395,5
43.817387,8
43.825378,10
43.833374,12
43.841362,14
43.849361,14
43.857349,11
43.865345,9
43.873337,6
43.881329,4
43.889317,2
43.897312,0
43.905308,2
43.913300,4
43.921288,6
43.929283,9
43.937275,12
43.945263,14
43.953262,14
43.961250,12
43.969250,10
43.977238,7
43.985229,5
43.993225,2
44.001213,0
44.009209,1
44.017197,4
44.025192,6
44.033184,9
44.041176,11
44.049168,13
44.057159,15
44.065159,13
44.073143,10
44.081139,8
44.089130,5
44.097126,3
44.105110,1
44.113110,1
44.121101,3
44.129093,5
44.137089,8
44.145077,10
44.153072,13
44.161064,15
44.169056,13
44.177048,11
44.185043,9
44.193031,6
44.201027,3
44.209015,1
44.217010,0
44.224998,2
44.232990,5
44.240990,8
44.248981,10
44.256977,12
44.264969,14
44.272957,14
44.280952,12
44.288944,9
44.296936,6
44.304928,4
44.312920,2
44.320911,0
44.328907,2
44.336895,4
44.344891,6
44.352882,9
44.360874,12
44.368870,14
44.376862,14
44.384853,12
44.392853,10
44.400837,7
44.408829,5
44.416821,2
44.424812,0
44.432804,1
44.440800,3
44.448788,6
44.456787,9
44.464775,11
44.472771,13
44.480759,15
44.488754,13
44.496746,10
44.504742,8
44.512733,5
44.520729,3
44.528717,1
44.536713,1
44.544704,3
44.552692,5
44.560688,8
44.568680,10
44.576672,13
44.584663,15
44.592655,13
44.600647,11
44.608643,9
44.616634,6
44.624622,4
44.632622,1
44.640614,0
44.648605,2
44.656597,5
44.664589,7
44.672581,10
44.680580,12
44.688568,14
44.696560,14
44.704552,12
44.712543,9
44.720535,6
44.728527,4
44.736523,2
44.744511,0
44.752502,2
44.760498,4
44.768494,6
44.776485,9
44.784477,11
44.792469,14
44.800461,14
44.808453,12
44.816448,10
44.824440,8
44.832432,5
44.840424,2
44.848412,0
44.856407,1
44.864399,3
44.872395,6
44.880383,8
44.888378,11
44.896366,13
44.904362,15
44.912357,13
44.920349,10
44.928341,8
44.936333,5
44.944324,3
44.952316,1
44.960312,0
44.968300,3
44.976295,5
44.984287,8
44.992283,10
45.008270,15
45.016254,13
45.024246,11
45.032246,9
45.040234,6
45.048225,4
45.056221,1
45.064213,0
45.072205,2
45.080196,4
45.088188,7
45.096180,10
45.104172,12
45.112167,14
45.120159,14
45.128151,12
45.136143,9
45.144135,7
45.152130,4
45.160126,2
45.168114,0
45.176109,1
45.184097,4
45.192089,6
45.200085,9
45.208076,11
45.216068,14
45.224060,15
45.232056,12
45.240047,10
45.248039,8
45.256031,5
45.264019,3
45.272011,0
45.280006,1
45.287998,3
45.295990,6
45.303989,8
45.311981,11
45.319969,13
45.327965,15
45.335964,13
45.343952,11
45.351944,8
45.359932,5
45.367924,3
45.375916,1
45.383907,0
45.391903,3
45.399891,5
45.407887,8
45.415878,10
45.423870,12
45.431866,15
45.439857,14
45.447849,11
45.455841,9
45.463837,6
45.471828,4
45.479820,1
45.487812,0
45.495808,2
45.503796,4
45.511791,7
45.519783,9
45.527771,12
45.535763,14
45.543758,14
45.551750,12
45.559746,9
45.567738,7
45.575729,4
45.583725,2
45.591717,0
45.599709,1
45.607700,4
45.615692,6
45.623692,9
45.631676,11
45.639668,13
45.647663,15
45.655651,12
45.663643,10
45.671638,8
45.679630,5
45.687622,3
45.695618,0
45.703613,1
45.711605,3
45.719593,5
45.727589,8
45.735580,10
45.743572,13
45.751564,15
45.759556,13
45.767548,11
45.775539,8
45.783535,6
45.791527,3
45.799519,1
45.807510,0
45.815502,2
45.823490,5
45.831490,8
45.839485,10
45.847477,12
45.855469,14
45.863461,14
45.871452,11
45.879444,9
45.887436,6
45.895428,4
45.903419,2
45.911415,0
45.919403,2
45.927395,4
45.935390,6
45.943378,9
45.951382,12
45.959370,14
45.967361,14
45.975353,12
45.983345,10
45.991341,7
45.999332,5
46.007320,2
46.015316,0
46.023308,1
46.031296,4
46.039295,6
46.047283,9
46.055279,11
46.063271,13
46.071259,15
46.079254,13
46.087250,10
46.095242,8
46.103233,5
46.111225,3
46.119217,0
46.127209,1
46.135201,3
46.143192,5
46.151184,8
46.159180,10
46.167171,13
46.175163,15
46.183159,13
46.191151,11
46.199142,9
46.207130,6
46.215122,3
46.223114,1
46.231113,0
46.239113,2
46.247097,5
46.255089,8
46.263081,10
46.271076,12
46.279064,14
46.287056,14
46.295052,12
46.303043,9
46.311039,6
46.319027,4
46.327019,2
46.335011,0
46.343002,2
46.350994,4
46.358990,6
46.366985,9
46.374977,12
46.382969,14
46.390965,14
46.398952,12
46.406944,10
46.414936,7
46.422932,5
46.430927,2
46.438915,0
46.446907,1
46.454903,3
46.462891,6
46.470882,9
46.478878,11
46.486874,13
46.494865,15
46.502857,13
46.510849,10
46.518845,8
46.526836,5
46.534824,3
46.542820,1
46.550808,1
46.558804,3
46.566799,5
46.574787,8
46.582779,10
46.590771,13
46.598766,15
46.606754,13
46.614746,11
46.622746,9
46.630733,6
46.638725,4
46.646721,1
46.654713,0
46.662704,2
46.670696,5
46.678692,7
46.686684,10
46.694672,12
46.702667,14
46.710659,14
46.718647,12
46.726643,9
46.734634,6
46.742630,4
46.750626,2
46.758614,0
46.766609,2
46.774601,4
46.782593,6
46.790585,9
46.798576,11
46.806572,14
46.814564,14
46.822552,12
46.830547,10
46.838539,8
46.846527,5
46.854530,2
46.862514,0
46.870510,1
46.878506,3
46.886494,6
46.894489,8
46.902477,11
46.910473,13
46.918465,15
46.926456,13
46.934448,10
46.942440,8
46.950432,5
46.958427,3
46.966419,1
46.974407,0
46.982399,3
46.990395,5
46.998386,8
47.006378,10
47.014378,12
47.022366,15
47.030361,13
47.038353,11
47.046341,9
47.054337,6
47.062332,4
47.070320,1
47.078312,0
47.086308,2
47.094296,4
47.102287,7
47.110283,10
47.118275,12
47.126266,14
47.134258,14
47.142250,12
47.150246,9
47.158241,7
47.166233,4
47.174221,2
47.182220,0
47.190208,1
47.198200,4
47.206192,6
47.214184,9
47.222176,11
47.230171,14
47.238159,15
47.246155,12
47.254147,10
47.262135,8
47.270130,5
47.278130,3
47.286118,0
47.294113,1
47.302105,3
47.310097,6
47.318089,8
47.326080,11
47.334076,13
47.342064,15
47.350056,13
47.358047,11
47.366039,8
47.374031,5
47.382027,3
47.390018,1
47.398010,0
47.406002,3
47.413998,5
47.421989,8
47.429981,10
47.437973,12
47.445965,15
47.461952,11
47.469944,9
47.477936,6
47.485928,4
47.493923,1
47.501915,0
47.509914,2
47.517899,4
47.525890,7
47.533882,9
47.541878,12
47.549870,14
47.557865,14
47.565857,12
47.573845,9
47.581841,7
47.589832,4
47.597820,2
47.605816,0
47.613808,1
47.621803,4
47.629795,6
47.637783,9
47.645775,11
47.653767,13
47.661758,15
47.669754,12
47.677742,10
47.685745,8
47.693733,5
47.701729,3
47.709717,0
47.717712,1
47.725700,3
47.733696,5
47.741684,8
47.749680,10
47.757671,13
47.765663,15
47.773659,13
47.781647,11
47.789642,8
47.797642,6
47.805622,3
47.813622,1
47.821613,0
47.829605,2
47.837601,5
47.845589,8
47.853580,10
47.861576,12
47.869568,15
47.877560,14
47.885548,11
47.893543,9
47.901535,6
47.909531,4
47.917522,2
47.925510,0
47.933502,2
47.941494,4
47.949493,6
47.957485,9
47.965477,12
47.973469,14
47.981461,14
47.989452,12
47.997448,10
48.005440,7
48.013432,5
48.021420,2
48.029415,0
48.037407,1
48.045399,4
48.053391,6
48.061386,9
48.069374,11
48.077374,13
48.085361,15
48.093357,13
48.101349,10
48.109341,8
48.117332,5
48.125336,3
48.133316,0
48.141312,1
48.149303,3
48.157299,5
48.165287,8
48.173279,10
48.181271,13
48.189262,15
48.197254,13
48.205254,11
48.213242,9
48.221237,6
48.229229,3
48.237217,1
48.245213,0
48.253204,2
48.261200,5
48.269188,8
48.277184,10
48.285172,12
48.293163,14
48.301155,14
48.309155,11
48.317146,9
48.325138,6
48.333134,4
48.341125,2
48.349117,0
48.357105,2
48.365097,4
48.373093,6
48.381084,9
48.389076,12
48.397068,14
48.405064,14
48.413059,12
48.421047,10
48.429039,7
48.437031,5
48.445023,2
48.453018,0
48.461010,1
48.469002,4
48.476997,6
48.484985,9
48.492977,11
48.500973,13
48.508965,15
48.516956,13
48.524948,10
48.532940,8
48.540936,5
48.548923,3
48.556919,1
48.564907,1
48.572903,3
48.580891,5
48.588886,8
48.596886,10
48.604877,13
48.612869,15
48.620857,13
48.628853,11
48.636845,9
48.644833,6
48.652828,4
48.660820,1
48.668812,0
48.676807,2
48.684795,5
48.692787,7
48.700779,10
48.708775,12
48.716766,14
48.724758,14
48.732754,12
48.740753,9
48.748737,6
48.756729,4
48.764721,2
48.772717,0
48.780708,2
48.788700,4
48.796692,6
48.804688,9
48.812675,11
48.820671,14
48.828663,14
48.836655,12
48.844646,10
48.852638,8
48.860630,5
48.868626,2
48.876617,0
48.884609,1
48.892605,3
48.900593,6
48.908588,8
48.916580,11
48.924572,13
48.932560,15
48.940556,13
48.948551,10
48.956539,8
48.964531,5
48.972523,3
48.980515,1
48.988518,0
48.996506,3
49.004498,5
49.012493,8
49.020485,10
49.028473,12
49.036469,15
49.044456,13
49.052448,11
49.060440,9
49.068439,6
49.076427,4
49.084419,1
49.092411,0
49.100407,2
49.108395,4
49.116390,7
49.124382,10
49.132378,12
49.140369,14
49.148361,14
49.156353,12
49.164345,9
49.172340,7
49.180332,4
49.188324,2
49.196316,0
49.204304,2
49.212299,4
49.220291,6
49.228287,9
49.236279,11
49.244267,14
49.252262,15
49.260250,12
49.268253,10
49.276241,8
49.284233,5
49.292229,3
49.300217,0
49.308212,1
49.316204,3
49.324192,6
49.332188,8
49.340179,11
49.348171,13
49.356171,15
49.364159,13
49.372147,11
49.380142,8
49.388134,5
49.396122,3
49.404121,1
49.412113,0
49.420105,3
49.428097,5
49.436092,8
49.444080,10
49.452076,12
49.460068,15
49.468056,13
49.476051,11
49.484043,9
49.492039,6
49.500031,4
49.508022,1
49.516010,0
49.524010,2
49.531998,4
49.539993,7
49.547985,9
49.555977,12
49.563972,14
49.571964,14
49.579956,12
49.587948,9
49.595936,7
49.603928,4
49.611919,2
49.619919,0
49.627911,1
49.635902,4
49.643890,6
49.651882,9
49.659882,11
49.667870,13
49.675865,15
49.683865,12
49.691849,10
49.699841,8
49.707832,5
49.715824,3
49.723816,0
49.731812,1
49.739803,3
49.747795,5
49.755787,8
49.763783,10
49.771774,13
49.779766,15
49.787762,13
49.795753,11
49.803745,8
49.811737,6
49.819729,3
49.827721,1
49.835712,0
49.843704,2
49.851696,5
49.859688,8
49.867683,10
49.875675,12
49.883667,15
49.891659,14
49.899651,11
49.915638,6
49.923630,4
49.931625,2
49.939617,0
49.947609,2
49.955601,4
49.963593,6
49.971592,9
49.979576,12
49.987568,14
49.995564,14
50.003555,12
50.011543,10
50.019539,7
50.027527,5
50.035522,2
50.043514,0
50.051506,1
50.059502,4
50.067497,6
50.075489,9
50.083481,11
50.091473,13
50.099461,15
50.107460,13
50.115448,10
50.123444,8
50.131435,5
50.139427,3
50.147419,0
50.155411,1
50.163403,3
50.171394,5
50.179386,8
50.187382,10
50.195377,13
50.203365,15
50.211361,13
50.219353,11
50.227345,9
50.235332,6
50.243328,3
50.251320,1
50.259312,0
50.267307,2
50.275299,5
50.283287,8
50.291283,10
50.299282,12
50.307266,14
50.315258,14
50.323257,11
50.331249,9
50.339237,6
50.347229,4
50.355221,2
50.363213,0
50.371208,2
50.379200,4
50.387192,6
50.395187,9
50.403175,12
50.411167,14
50.419163,14
50.427155,12
50.435146,10
50.443138,7
50.451134,5
50.459126,2
50.467117,0
50.475109,1
50.483101,4
50.491096,6
50.499088,9
50.507080,11
50.515072,13
50.523064,15
50.531055,13
50.539051,10
50.547043,8
50.555031,5
50.563026,3
50.571018,1
50.579010,1
50.587013,3
50.594997,5
50.602989,8
50.610985,10
50.618977,13
50.626972,15
50.634960,13
50.642952,11
50.650944,9
50.658939,6
50.666927,4
50.674919,1
50.682915,0
50.690907,2
50.698898,5
50.706890,7
50.714886,10
50.722878,12
50.730869,14
50.738861,14
50.746853,12
50.754848,9
50.762840,6
50.770832,4
50.778824,2
50.786816,0
50.794807,2
50.802799,4
50.810791,6
50.818783,9
50.826775,11
50.834770,14
50.842758,14
50.850758,12
50.858749,10
50.866741,8
50.874733,5
50.882729,2
50.890720,0
50.898712,1
50.906704,3
50.914703,6
50.922688,8
50.930679,11
50.938671,13
50.946663,15
50.954659,13
50.962646,10
50.970642,8
50.978638,5
50.986629,3
50.994621,1
51.002613,0
51.010605,3
51.018597,5
51.026592,8
51.034584,10
51.042576,12
51.050564,15
51.058559,13
51.066555,11
51.074543,9
51.082535,6
51.090530,4
51.098522,1
51.106514,0
51.114510,2
51.122501,4
51.130493,7
51.138485,10
51.146481,12
51.154469,14
51.162464,14
51.170452,12
51.178448,9
51.186440,7
51.194431,4
51.202423,2
51.210415,0
51.218407,2
51.226402,4
51.234390,6
51.242393,9
51.250381,11
51.258369,14
51.266365,15
51.274357,12
51.282345,10
51.290340,8
51.298332,5
51.306324,3
51.314320,0
51.322311,1
51.330303,3
51.338291,6
51.346287,8
51.354279,11
51.362270,13
51.370262,15
51.378262,13
51.386253,11
51.394241,8
51.402241,5
51.410229,3
51.418221,1
51.426212,0
51.434204,3
51.442196,5
51.458183,10
51.466175,12
51.474167,15
51.482159,13
51.490154,11
51.498142,9
51.506134,6
51.514130,4
51.522121,1
51.530125,0
51.538109,2
51.546097,4
51.554092,7
51.562084,9
51.570076,12
51.578072,14
51.586063,14
51.594051,12
51.602047,9
51.610039,7
51.618034,4
51.626022,2
51.634014,0
51.642014,1
51.650005,4
51.657997,6
51.665989,9
51.673981,11
51.681969,13
51.689960,15
51.697956,12
51.705952,10
51.713943,8
51.721935,5
51.729927,3
51.737919,0
51.745907,1
51.753902,3
51.761894,5
51.769886,8
51.777882,11
51.785873,13
51.793865,15
51.801857,13
51.809849,11
51.817844,8
51.825836,6
51.833828,3
51.841820,1
51.849815,0
51.857811,2
51.865795,5
51.873791,8
51.881783,10
51.889774,12
51.897766,15
51.905766,14
51.913754,11
51.921745,9
51.929737,6
51.937733,4
51.945721,2
51.953716,0
51.961708,2
51.969700,4
51.977692,6
51.985683,9
51.993679,12
52.001671,14
52.009659,14
52.017651,12
52.025642,10
52.033638,7
52.041634,4
52.049629,2
52.057617,0
52.065613,1
52.073605,4
52.081596,6
52.089588,9
52.097580,11
52.105572,13
52.113564,15
52.121555,13
52.129547,10
52.137543,8
52.145538,5
52.153526,3
52.161514,0
52.169514,1
52.177505,3
52.185497,5
52.193489,8
52.201481,10
52.209473,13
52.217468,15
52.225460,13
52.233448,11
52.241444,8
52.249432,6
52.257431,3
52.265419,1
52.273415,0
52.281403,2
52.289398,5
52.297386,8
52.305386,10
52.313377,12
52.321369,14
52.329361,14
52.337357,11
52.345348,9
52.353340,6
52.361328,4
52.369320,2
52.385307,2
52.393299,4
52.401295,6
52.409283,9
52.417278,12
52.425270,14
52.433266,14
52.441261,12
52.449249,10
52.457241,7
52.465233,5
52.473232,2
52.481220,0
52.489212,1
52.497200,4
52.505196,6
52.513184,9
52.521179,11
52.529171,13
52.537167,15
52.545158,13
52.553150,10
52.561138,8
52.569134,5
52.577129,3
52.585121,1
52.593113,1
52.601105,3
52.609100,5
52.617088,8
52.625084,10
52.633076,13
52.641068,15
52.649059,13
52.657051,11
52.665043,9
52.673035,6
52.681026,4
52.689022,1
52.697010,0
52.705009,2
52.713001,5
52.720989,7
52.728985,10
52.736977,12
52.744968,14
52.752960,14
52.760952,12
52.768944,9
52.776939,6
52.784931,4
52.792923,2
52.800919,0
52.808907,2
52.816898,4
52.824898,6
52.832886,9
52.840881,11
52.848873,14
52.856865,14
52.864857,12
52.872849,10
52.880840,8
52.888832,5
52.896828,2
52.904819,0
52.912811,1
52.920799,3
52.928791,6
52.936787,8
52.944778,11
52.952774,13
52.960762,15
52.968758,13
52.976753,10
52.984745,8
52.992737,5
53.000729,3
53.008720,1
53.016712,0
53.024708,3
53.032696,5
53.040691,8
53.048679,10
53.056675,13
53.064667,15
53.072659,13
53.080654,11
53.088650,9
53.096642,6
53.104630,4
53.112621,1
53.120613,0
53.128609,2
53.136597,4
53.144588,7
53.152584,10
53.160576,12
53.168568,14
53.176559,14
53.184555,12
53.192547,9
53.200539,7
53.208530,4
53.216526,2
53.224522,0
53.232510,2
53.240501,4
53.248497,6
53.256489,9
53.264477,11
53.272472,14
53.280468,15
53.288460,12
53.296448,10
53.304440,8
53.312435,5
53.320423,2
53.328415,0
53.336411,1
53.344402,3
53.352394,6
53.360390,8
53.368382,11
53.376377,13
53.384365,15
53.392357,13
53.400352,11
53.408344,8
53.416340,5
53.424328,3
53.432320,1
53.440311,0
53.448307,3
53.456295,5
53.464291,8
53.472282,10
53.480274,12
53.488274,15
53.496262,13
53.504253,11
53.512245,9
53.520237,6
53.528233,4
53.536224,1
53.544216,0
53.552204,2
53.560200,4
53.568192,7
53.576183,9
53.584179,12
53.592171,14
53.600159,14
53.608154,12
53.616146,9
53.624142,7
53.632133,4
53.640125,2
53.648117,0
53.656109,1
53.664104,4
53.672096,6
53.680084,9
53.688080,11
53.696072,13
53.704071,15
53.712055,12
53.720047,10
53.728043,8
53.736034,5
53.744026,3
53.752014,0
53.760014,1
53.768005,3
53.775997,5
53.783989,8
53.791985,11
53.799973,13
53.807968,15
53.815960,13
53.823952,11
53.831944,8
53.839939,6
53.847927,3
53.855919,1
53.863914,0
53.871902,2
53.879898,5
53.887886,8
53.895885,10
53.903877,12
53.911869,15
53.919865,14
53.927856,11
53.935848,9
53.943836,6
53.951828,4
53.959824,2
53.967815,0
53.975807,2
53.983799,4
53.991795,6
53.999783,9
54.007778,12
54.015766,14
54.023766,14
54.031761,12
54.039749,10
54.047741,7
54.055737,4
54.063725,2
54.071716,0
54.079708,1
54.087700,4
54.095695,6
54.103687,9
54.111683,11
54.119675,13
54.127663,15
54.135658,13
54.143650,10
54.151646,8
54.159637,5
54.167629,3
54.175621,0
54.183613,1
54.191605,3
54.199596,5
54.207588,8
54.215584,10
54.223576,13
54.231564,15
54.239559,13
54.247555,11
54.255543,8
54.263535,6
54.271526,3
54.279518,1
54.287514,0
54.295509,2
54.303501,5
54.311493,8
54.319485,10
54.327477,12
54.335472,14
54.343460,14
54.351456,11
54.359451,9
54.367439,6
54.375431,4
54.383423,2
54.391415,0
54.399406,2
54.407398,4
54.415390,6
54.423386,9
54.431381,12
54.439373,14
54.447365,14
54.455360,12
54.463348,10
54.471340,7
54.479332,5
54.487328,2
54.495319,0
54.503311,1
54.511303,4
54.519295,6
54.527287,9
54.535278,11
54.543270,13
54.551266,15
54.559258,13
54.567253,10
54.575245,8
54.583237,5
54.591228,3
54.599220,1
54.607212,1
54.615204,3
54.623196,5
