0.001976,13
0.017976,12
0.025976,0
0.033980,13
0.041976,0
0.049980,12
0.057984,1
0.065980,8
0.073984,5
0.081984,8
0.089984,5
0.097988,4
0.105988,9
0.113988,4
0.121988,9
0.129984,0
0.137992,12
0.145992,1
0.153992,12
0.161988,0
0.169992,13
0.177996,0
0.185992,13
0.193996,0
0.201992,13
0.209992,0
0.218000,12
0.225996,0
0.233996,13
0.242000,0
0.250000,12
0.258000,1
0.266004,8
0.274000,5
0.282000,8
0.290004,5
0.298004,4
0.306004,9
0.314008,4
0.322008,9
0.330008,0
0.338012,12
0.346012,1
0.354012,12
0.362012,0
0.370008,13
0.378012,0
0.386012,13
0.394012,0
0.402012,13
0.410016,0
0.418016,12
0.426016,0
0.434016,13
0.442020,0
0.450016,12
0.458020,1
0.466020,8
0.474020,5
0.482024,8
0.490024,5
0.498028,4
0.506024,9
0.514028,4
0.522024,9
0.530028,0
0.538028,12
0.546028,1
0.554032,12
0.562032,0
0.570032,13
0.578040,0
0.586032,13
0.594036,0
0.602036,13
0.610040,0
0.618036,12
0.626040,0
0.634040,13
0.642040,0
0.650040,12
0.658040,1
0.666044,8
0.674044,5
0.682044,8
0.690044,5
0.698044,4
0.706048,9
0.714048,4
0.722044,9
0.730044,0
0.738052,13
0.746052,1
0.754048,12
0.762052,0
0.770052,13
0.778052,0
0.786052,13
0.794052,0
0.802052,13
0.810052,0
0.818056,12
0.826060,0
0.834056,13
0.842056,0
0.850060,12
0.858060,1
0.866064,8
0.874060,5
0.882064,8
0.890068,5
0.898064,4
0.906064,9
0.914068,4
0.922068,9
0.930068,0
0.938068,12
0.946068,1
0.954072,12
0.962072,0
0.970072,13
0.978072,0
0.986076,13
0.994072,0
1.002076,13
1.010076,0
1.018076,12
1.026080,0
1.034080,13
1.042080,0
1.050080,12
1.058080,1
1.066080,8
1.074084,5
1.082080,8
1.090084,5
1.098084,4
1.106088,9
1.114084,4
1.122088,9
1.130088,0
1.138092,12
1.146092,1
1.154088,12
1.162088,0
1.170088,13
1.178100,0
1.186092,13
1.194092,0
1.202096,13
1.210092,0
1.218096,12
1.226100,0
1.234096,13
1.242096,0
1.250100,12
1.258104,1
1.266100,8
1.274104,5
1.282104,8
1.290104,5
1.298104,4
1.306108,9
1.314104,4
1.322108,9
1.330108,0
1.338108,12
1.346112,1
1.354112,12
1.362112,0
1.370112,13
1.378108,0
1.386112,13
1.394112,0
1.402116,13
1.410116,0
1.418112,12
1.426116,0
1.434116,13
1.442120,0
1.450116,12
1.458120,1
1.466120,8
1.474124,5
1.482120,8
1.490120,5
1.498124,4
1.506120,9
1.514128,4
1.522124,9
1.530128,0
1.538132,13
1.546128,1
1.554128,12
1.562132,0
1.570132,13
1.578132,0
1.586132,13
1.594132,0
1.602132,13
1.610136,0
1.618136,12
1.626136,0
1.634136,13
1.642136,0
1.650140,12
1.658140,1
1.666140,8
1.674140,5
1.682144,8
1.690144,5
1.698144,4
1.706148,9
1.714148,4
1.722148,9
1.730144,0
1.738148,12
1.746152,1
1.754152,12
1.762152,0
1.770148,13
1.778156,0
1.786152,13
1.794152,0
1.802156,13
1.810152,0
1.818152,12
1.826160,0
1.834160,13
1.842160,0
1.850156,12
1.858164,1
1.866160,8
1.874160,5
1.882160,8
1.890164,5
1.898164,4
1.906172,9
1.914164,4
1.922168,9
1.930164,0
1.938168,13
1.946172,1
1.954168,12
1.962172,0
1.970172,13
1.978168,0
1.986172,13
1.994172,0
2.002176,13
2.010176,0
2.018176,12
2.026176,0
2.034176,13
2.042180,0
2.050180,12
2.058180,1
2.066184,8
2.074184,5
2.082184,8
2.090180,5
2.098184,4
2.106188,9
2.114188,4
2.122184,9
2.130188,0
2.138192,12
2.146188,1
2.154188,12
2.162192,0
2.170188,13
2.178192,0
2.186192,13
2.194196,0
2.202192,13
2.210196,0
2.218196,12
2.226200,0
2.234196,13
2.242200,0
2.250204,12
2.258200,1
2.266200,8
2.274200,5
2.282200,8
2.290208,5
2.298204,4
2.306204,9
2.314204,4
2.322208,9
2.330212,0
2.338208,12
2.346208,1
2.354212,12
2.362208,0
2.370212,13
2.378220,0
2.386216,13
2.394212,0
2.402216,13
2.410216,0
2.418216,12
2.426216,0
2.434220,13
2.442220,0
2.450220,12
2.458220,1
2.466224,8
2.474224,5
2.482224,8
2.490220,5
2.498224,4
2.506232,9
2.514228,4
2.522224,9
2.530228,0
2.538228,13
2.546228,1
2.554228,12
2.562228,0
2.570232,13
2.578232,0
2.586236,13
2.594232,0
2.602236,13
2.610236,0
2.618240,12
2.626240,0
2.634244,13
2.642244,0
2.650240,12
2.658240,1
2.666244,8
2.682240,8
2.690244,5
2.698248,4
2.706244,9
2.714244,4
2.722248,9
2.730248,0
2.738248,13
2.746248,1
2.754248,12
2.762256,0
2.770252,13
2.778252,0
2.786256,13
2.794256,0
2.802252,13
2.810256,0
2.818256,12
2.826260,0
2.834260,13
2.842260,0
2.850260,12
2.858260,1
2.866264,8
2.874264,5
2.882264,8
2.890264,5
2.898264,4
2.906268,9
2.914268,4
2.922264,9
2.930268,0
2.938268,13
2.946272,1
2.954272,12
2.962276,0
2.970276,13
2.978276,0
2.986272,13
2.994276,0
3.002276,13
3.010276,0
3.018276,12
3.026280,0
3.034280,13
3.042280,0
3.050280,12
3.058284,1
3.066284,8
3.074288,5
3.082284,8
3.090284,5
3.098284,4
3.106296,9
3.114288,4
3.122292,9
3.130288,0
3.138292,12
3.146288,1
3.154292,12
3.162292,0
3.170292,13
3.178296,0
3.186296,13
3.194296,0
3.202296,13
3.210296,0
3.218300,12
3.226296,0
3.234304,13
3.242300,0
3.250304,12
3.258304,1
3.266304,8
3.274304,5
3.282304,8
3.290304,5
3.298304,4
3.306308,9
3.314304,4
3.322312,9
3.330312,0
3.338308,13
3.346312,1
3.354316,12
3.362316,0
3.370312,13
3.378316,0
3.386316,13
3.394316,0
3.402316,13
3.410320,0
3.418316,12
3.426316,0
3.434320,13
3.442320,0
3.450324,12
3.458324,1
3.466324,8
3.474324,5
3.482328,8
3.490324,5
3.498328,4
3.506328,9
3.514328,4
3.522328,9
3.530328,0
3.538332,13
3.546332,1
3.554332,12
3.562336,0
3.570336,13
3.578336,0
3.586336,13
3.594336,0
3.602336,13
3.610340,0
3.618340,12
3.626340,0
3.634340,13
3.642340,0
3.650344,12
3.658344,1
3.666348,8
3.674348,5
3.682348,8
3.690348,5
3.698348,4
3.706356,9
3.714352,4
3.722352,9
3.730348,0
3.738352,13
3.746356,1
3.754352,12
3.762356,0
3.770352,13
3.778356,0
3.786356,13
3.794356,0
3.802356,13
3.810356,0
3.818364,12
3.826364,0
3.834364,13
3.842364,0
3.850360,12
3.858360,1
3.866364,8
3.874368,5
3.882368,8
3.890364,5
3.898368,4
3.906368,9
3.914368,4
3.922368,9
3.930372,0
3.938372,12
3.946376,1
3.954372,12
3.962376,0
3.970376,13
3.978376,0
3.986376,13
3.994376,0
4.002380,13
4.010380,0
4.018380,12
4.026380,0
4.034380,13
4.042384,0
4.050380,12
4.058384,1
4.066384,8
4.074388,5
4.082384,8
4.090388,5
4.098388,4
4.106388,9
4.114388,4
4.122392,9
4.130392,0
4.138392,13
4.146396,1
4.154392,12
4.162392,0
4.170396,13
4.178400,0
4.186396,13
4.194396,0
4.202400,13
4.210400,0
4.218400,12
4.226400,0
4.234400,13
4.242400,0
4.250404,12
4.258408,1
4.266404,8
4.274408,5
4.282408,8
4.290408,5
4.298408,4
4.306416,9
4.314408,4
4.322412,9
4.330412,0
4.338412,13
4.346412,1
4.354416,12
4.362416,0
4.370416,13
4.378416,0
4.386416,13
4.394420,0
4.402420,13
4.410420,0
4.418424,12
4.426424,0
4.434428,13
4.442424,0
4.450424,12
4.458424,1
4.466428,8
4.474424,5
4.482428,8
4.490428,5
4.498428,4
4.506432,9
4.514428,4
4.522432,9
4.530428,0
4.538436,13
4.546432,1
4.554432,12
4.562432,0
4.570436,13
4.578440,0
4.586436,13
4.594436,0
4.602440,13
4.610444,0
4.618440,12
4.626440,0
4.634444,13
4.642448,0
4.650444,12
4.658444,1
4.666448,8
4.674448,5
4.682448,8
4.690448,5
4.698448,4
4.706448,9
4.714452,4
4.722452,9
4.730456,0
4.738456,13
4.746456,1
4.754456,12
4.762456,0
4.770456,13
4.778456,0
4.786460,13
4.794460,0
4.802460,13
4.810460,0
4.818460,12
4.826464,0
4.834464,13
4.842468,0
4.850468,12
4.858468,1
4.866464,8
4.874472,5
4.882468,8
4.890468,5
4.898468,4
4.906480,9
4.914472,4
4.922472,9
4.930472,0
4.938476,12
4.946472,1
4.954476,12
4.962476,0
4.970476,13
4.978476,0
4.986480,13
4.994476,0
5.002480,13
5.010480,0
5.018480,12
5.026480,0
5.034492,13
5.042484,0
5.050484,12
5.058484,1
5.066488,8
5.074488,5
5.082488,8
5.090492,5
5.098492,4
5.106492,9
5.114492,4
5.122496,9
5.130496,0
5.138496,12
5.146496,1
5.154496,12
5.162496,0
5.170496,13
5.178500,0
5.186500,13
5.194500,0
5.202500,13
5.210504,0
5.218500,12
5.226504,0
5.234504,13
5.242504,0
5.250508,12
5.258504,1
5.266508,8
5.274508,5
5.282508,8
5.290508,5
5.298512,4
5.306512,9
5.314512,4
5.322516,9
5.330512,0
5.338516,12
5.354516,12
5.362520,0
5.370516,13
5.378516,0
5.386520,13
5.394520,0
5.402520,13
5.410520,0
5.418520,12
5.426524,0
5.434528,13
5.442524,0
5.450524,12
5.458528,1
5.466528,8
5.474528,5
5.482528,8
5.490532,5
5.498532,4
5.506540,9
5.514532,4
5.522532,9
5.530536,0
5.538536,13
5.546536,1
5.554540,12
5.562536,0
5.570540,13
5.578540,0
5.586540,13
5.594544,0
5.602544,13
5.610544,0
5.618544,12
5.626548,0
5.634552,13
5.642548,0
5.650548,12
5.658548,1
5.666548,8
5.674548,5
5.682548,8
5.690548,5
5.698548,4
5.706556,9
5.714552,4
5.722552,9
5.730552,0
5.738560,12
5.746556,1
5.754560,12
5.762564,0
5.770560,13
5.778560,0
5.786560,13
5.794560,0
5.802560,13
5.810560,0
5.818564,12
5.826568,0
5.834564,13
5.842564,0
5.850568,12
5.858568,1
5.866568,8
5.874572,5
5.882572,8
5.890572,5
5.898572,4
5.906576,9
5.914572,4
5.922576,9
5.930572,0
5.938576,13
5.946580,1
5.954580,12
5.962576,0
5.970580,13
5.978584,0
5.986584,13
5.994584,0
6.002584,13
6.010584,0
6.018588,12
6.026584,0
6.034588,13
6.042588,0
6.050584,12
6.058588,1
6.066588,8
6.074588,5
6.082588,8
6.090592,5
6.098592,4
6.106592,9
6.114592,4
6.122592,9
6.130600,0
6.138600,13
6.146600,1
6.154596,12
6.162596,0
6.170604,13
6.178600,0
6.186604,13
6.194604,0
6.202600,13
6.210604,0
6.218608,12
6.226604,0
6.234612,13
6.242608,0
6.250608,12
6.258608,1
6.266612,8
6.274612,5
6.282612,8
6.290612,5
6.298612,4
6.306616,9
6.314616,4
6.322612,9
6.330616,0
6.338616,13
6.346616,1
6.354620,12
6.362624,0
6.370620,13
6.378620,0
6.386620,13
6.394624,0
6.402624,13
6.410628,0
6.418624,12
6.426624,0
6.434624,13
6.442628,0
6.450628,12
6.458632,1
6.466632,8
6.474628,5
6.482636,8
6.490632,5
6.498632,4
6.506636,9
6.514636,4
6.522636,9
6.530636,0
6.538636,13
6.546636,1
6.554640,12
6.562640,0
6.570640,13
6.578640,0
6.586640,13
6.594640,0
6.602648,13
6.610644,0
6.618644,12
6.626648,0
6.634648,13
6.642652,0
6.650648,12
6.658652,1
6.666652,8
6.674652,5
6.682652,8
6.690652,5
6.698656,4
6.706656,9
6.714656,4
6.722656,9
6.730660,0
6.738660,13
6.746660,1
6.754660,12
6.762660,0
6.770664,13
6.778664,0
6.786660,13
6.794664,0
6.802668,13
6.810668,0
6.818668,12
6.826668,0
6.834676,13
6.842668,0
6.850668,12
6.858672,1
6.866668,8
6.874672,5
6.882676,8
6.890672,5
6.898676,4
6.906676,9
6.914672,4
6.922676,9
6.930676,0
6.938680,13
6.946676,1
6.954680,12
6.962688,0
6.970684,13
6.978680,0
6.986684,13
6.994688,0
7.002684,13
7.010688,0
7.018688,12
7.026684,0
7.034688,13
7.042688,0
7.050688,12
7.058692,1
7.066692,8
7.074692,5
7.082692,8
7.090696,5
7.098692,4
7.106696,9
7.114696,4
7.122700,9
7.130700,0
7.138700,13
7.146700,1
7.154700,12
7.162700,0
7.170700,13
7.178704,0
7.186700,13
7.194704,0
7.202708,13
7.210708,0
7.218704,12
7.226708,0
7.234708,13
7.242708,0
7.250708,12
7.258708,1
7.266708,8
7.274712,5
7.282716,8
7.290712,5
7.298712,4
7.306716,9
7.314712,4
7.322716,9
7.330716,0
7.338716,13
7.346720,1
7.354720,12
7.362724,0
7.370720,13
7.378720,0
7.386724,13
7.394728,0
7.402728,13
7.410724,0
7.418728,12
7.426732,0
7.434736,13
7.442732,0
7.450732,12
7.458732,1
7.466732,8
7.474732,5
7.482736,8
7.490736,5
7.498736,4
7.506732,9
7.514736,4
7.522736,9
7.530740,0
7.538740,13
7.546740,1
7.554744,12
7.562748,0
7.570744,13
7.578744,0
7.586748,13
7.594748,0
7.602748,13
7.610744,0
7.618748,12
7.626748,0
7.634752,13
7.642752,0
7.650752,12
7.658752,1
7.666752,8
7.674752,5
7.682752,8
7.690752,5
7.698756,4
7.706752,9
7.714756,4
7.722756,9
7.730756,0
7.738760,13
7.746760,1
7.754760,12
7.762760,0
7.770764,13
7.778768,0
7.786764,13
7.794764,0
7.802768,13
7.810764,0
7.818768,12
7.826768,0
7.834772,13
7.842768,0
7.850772,12
7.858772,1
7.866776,8
7.874776,5
7.882776,8
7.890776,5
7.898776,4
7.906780,9
7.914780,4
7.922780,9
7.930780,0
7.938776,13
7.946780,1
7.954780,12
7.962784,0
7.970784,13
7.978784,0
7.986784,13
7.994784,0
8.002788,13
8.018788,12
8.026792,0
8.034796,13
8.042788,0
8.050792,12
8.058796,1
8.066792,8
8.074792,5
8.082796,8
8.090796,5
8.098796,4
8.106796,9
8.114796,4
8.122800,9
8.130804,0
8.138800,13
8.146800,1
8.154804,12
8.162812,0
8.170804,13
8.178804,0
8.186804,13
8.194808,0
8.202808,13
8.210808,0
8.218812,12
8.226808,0
8.234808,13
8.242812,0
8.250812,12
8.258816,1
8.266816,8
8.274816,5
8.282812,8
8.290820,5
8.298816,4
8.306816,9
8.314816,4
8.322816,9
8.330816,0
8.338820,13
8.346824,1
8.354820,12
8.362820,0
8.370820,13
8.378824,0
8.386828,13
8.394824,0
8.402828,13
8.410828,0
8.418828,12
8.426828,0
8.434832,13
8.442832,0
8.450832,12
8.458832,1
8.466832,8
8.474836,5
8.482836,8
8.490836,5
8.498836,4
8.506836,9
8.514840,4
8.522840,9
8.530840,0
8.538840,13
8.546840,1
8.554844,12
8.562844,0
8.570844,13
8.578844,0
8.586848,13
8.594848,0
8.602848,13
8.610848,0
8.618848,12
8.626852,0
8.634856,13
8.642852,0
8.650852,12
8.658856,1
8.666856,8
8.674852,5
8.682856,8
8.690856,5
8.698860,4
8.706856,9
8.714856,4
8.722856,9
8.730864,0
8.738860,13
8.746864,1
8.754860,12
8.762872,0
8.770864,13
8.778864,0
8.786864,13
8.794864,0
8.802868,13
8.810872,0
8.818868,12
8.826868,0
8.834872,13
8.842872,0
8.850876,12
8.858872,1
8.866872,8
8.874876,5
8.882876,8
8.890880,5
8.898876,4
8.906876,9
8.914880,4
8.922880,9
8.930880,0
8.938884,13
8.946880,1
8.954884,12
8.962884,0
8.970888,13
8.978888,0
8.986888,13
8.994888,0
9.002884,13
9.010892,0
9.018892,12
9.026892,0
9.034888,13
9.042892,0
9.050892,12
9.058896,1
9.066896,8
9.074896,5
9.082896,8
9.090896,5
9.098900,4
9.106896,9
9.114900,4
9.122904,9
9.130900,0
9.138900,13
9.146904,1
9.154908,12
9.162908,0
9.170904,13
9.178904,0
9.186904,13
9.194908,0
9.202912,13
9.210908,0
9.218908,12
9.226908,0
9.234912,13
9.242912,0
9.250912,12
9.258912,1
9.266916,8
9.274916,5
9.282916,8
9.290916,5
9.298920,4
9.306920,9
9.314920,4
9.322920,9
9.330920,0
9.338924,12
9.346924,1
9.354924,12
9.362932,0
9.370924,13
9.378928,0
9.386928,13
9.394928,0
9.402932,13
9.410932,0
9.418928,12
9.426932,0
9.434932,13
9.442932,0
9.450936,12
9.458936,1
9.466932,8
9.474940,5
9.482936,8
9.490944,5
9.498940,4
9.506936,9
9.514944,4
9.522940,9
9.530944,0
9.538944,13
9.546944,1
9.554944,12
9.562948,0
9.570944,13
9.578948,0
9.586944,13
9.594952,0
9.602948,13
9.610948,0
9.618952,12
9.626956,0
9.634952,13
9.642952,0
9.650952,12
9.658956,1
9.666956,8
9.674956,5
9.682956,8
9.690960,5
9.698960,4
9.706960,9
9.714960,4
9.722960,9
9.730964,0
9.738964,13
9.746964,1
9.754968,12
9.762968,0
9.770968,13
9.778968,0
9.786968,13
9.794968,0
9.802968,13
9.810972,0
9.818968,12
9.826972,0
9.834972,13
9.842976,0
9.850976,12
9.858972,1
9.866976,8
9.874976,5
9.882976,8
9.890976,5
9.898980,4
9.906980,9
9.914984,4
9.922980,9
9.930980,0
9.938980,13
9.946988,1
9.954984,12
9.962992,0
9.970988,13
9.978988,0
9.986988,13
9.994988,0
10.002988,13
10.010988,0
10.018992,12
10.026992,0
10.034992,13
10.042992,0
10.050992,12
10.058996,1
10.067000,8
10.075000,5
10.083000,8
10.091004,5
10.099004,4
10.107000,9
10.115004,4
10.123000,9
10.131000,0
10.139004,13
10.147008,1
10.155004,12
10.163008,0
10.171004,13
10.179012,0
10.187008,13
10.195012,0
10.203008,13
10.211012,0
10.219012,12
10.227012,0
10.235012,13
10.243016,0
10.251016,12
10.259016,1
10.267016,8
10.275016,5
10.283020,8
10.291020,5
10.299020,4
10.307020,9
10.315024,4
10.323024,9
10.331024,0
10.339028,13
10.347024,1
10.355028,12
10.363024,0
10.371028,13
10.379028,0
10.387032,13
10.395032,0
10.403032,13
10.411032,0
10.419032,12
10.427036,0
10.435036,13
10.443036,0
10.451032,12
10.459036,1
10.467040,8
10.475036,5
10.483036,8
10.491036,5
10.499044,4
10.507040,9
10.515044,4
10.523044,9
10.531048,0
10.539044,12
10.547044,1
10.555048,12
10.563056,0
10.571048,13
10.579048,0
10.587048,13
10.595052,0
10.603052,13
10.611056,0
10.619052,12
10.643052,0
10.651056,12
10.659060,1
10.667056,8
10.675060,5
10.683060,8
10.691068,5
10.699060,4
10.707060,9
10.715064,4
10.723064,9
10.731064,0
10.739064,12
10.747064,1
10.755068,12
10.763068,0
10.771068,13
10.779068,0
10.787072,13
10.795068,0
10.803072,13
10.811072,0
10.819076,12
10.827076,0
10.835076,13
10.843076,0
10.851080,12
10.859076,1
10.867076,8
10.875080,5
10.883084,8
10.891084,5
10.899080,4
10.907080,9
10.915084,4
10.923084,9
10.931084,0
10.939084,13
10.947088,1
10.955088,12
10.963088,0
10.971088,13
10.979088,0
10.987088,13
10.995092,0
11.003092,13
11.011092,0
11.019092,12
11.027096,0
11.035096,13
11.043100,0
11.051096,12
11.059096,1
11.067100,8
11.075104,5
11.083100,8
11.091104,5
11.099104,4
11.107104,9
11.115104,4
11.123104,9
11.131108,0
11.139108,12
11.147104,1
11.155107,12
11.163116,0
11.171108,13
11.179108,0
11.187112,13
11.195112,0
11.203116,13
11.211112,0
11.219112,12
11.227116,0
11.235116,13
11.243116,0
11.251116,12
11.259120,1
11.267120,8
11.275116,5
11.283124,8
11.291128,5
11.299120,4
11.307124,9
11.315124,4
11.323124,9
11.331128,0
11.339124,13
11.347128,1
11.355128,12
11.363132,0
11.371128,13
11.379128,0
11.387128,13
11.395128,0
11.403132,13
11.411136,0
11.419136,12
11.427136,0
11.435136,13
11.443136,0
11.451136,12
11.459136,1
11.467140,8
11.475140,5
11.483140,8
11.491144,5
11.499144,4
11.507144,9
11.515144,4
11.523148,9
11.531148,0
11.539148,12
11.547148,1
11.555148,12
11.563148,0
11.571152,13
11.579148,0
11.587152,13
11.595152,0
11.603152,13
11.611152,0
11.619152,12
11.627156,0
11.635160,13
11.643156,0
11.651156,12
11.659160,1
11.667156,8
11.675156,5
11.683160,8
11.691164,5
11.699160,4
11.707160,9
11.715160,4
11.723164,9
11.731164,0
11.739164,13
11.747168,1
11.755168,12
11.763176,0
11.771168,13
11.779172,0
11.787172,13
11.795176,0
11.803172,13
11.811172,0
11.819176,12
11.827172,0
11.835176,13
11.843176,0
11.851176,12
11.859179,1
11.867180,8
11.875180,5
11.883184,8
11.891188,5
11.899184,4
11.907184,9
11.915184,4
